# Time lag [days] 	 zdcf mean 	 zdcf std
-2.000000000000000000e+02 -3.331624000000001345e-03 2.254367883230475600e-01
-1.900000000000000000e+02 -1.586361000000003144e-03 2.256371419097811248e-01
-1.800000000000000000e+02 -4.795120999999999412e-03 2.262912331033271052e-01
-1.700000000000000000e+02 -6.707074000000003838e-03 2.291855917882763827e-01
-1.600000000000000000e+02 -4.962889000000004179e-03 2.297853601418651803e-01
-1.500000000000000000e+02 -2.807901999999997105e-03 2.304901291635552130e-01
-1.400000000000000000e+02 -1.924041000000000249e-03 2.303960585423704410e-01
-1.300000000000000000e+02 -2.649305999999997541e-03 2.283752410075540196e-01
-1.200000000000000000e+02 -3.771481000000004476e-03 2.260376737700105498e-01
-1.100000000000000000e+02 -1.847418999999999450e-03 2.278135354312193772e-01
-1.000000000000000000e+02 5.904979999999999561e-04 2.303264801481150481e-01
-9.000000000000000000e+01 3.883232000000006855e-03 2.313718936552368322e-01
-8.000000000000000000e+01 4.407825000000000631e-03 2.293336555639759189e-01
-7.000000000000000000e+01 6.385865999999996122e-03 2.286371812662193470e-01
-6.000000000000000000e+01 5.117944999999991806e-03 2.282816683813879977e-01
-5.000000000000000000e+01 2.705144000000001339e-03 2.284716930970734083e-01
-4.000000000000000000e+01 3.599499000000000361e-03 2.271155135665329783e-01
-3.000000000000000000e+01 3.775491999999991844e-03 2.275627107432892926e-01
-2.000000000000000000e+01 4.584633000000002886e-03 2.324735162043804204e-01
-1.000000000000000000e+01 3.100600000000002399e-03 2.349580438841538110e-01
0.000000000000000000e+00 4.313880999999998578e-03 2.352013595856470296e-01
1.000000000000000000e+01 2.021938999999998206e-03 2.340339212470560759e-01
2.000000000000000000e+01 2.960533000000001736e-03 2.311914085134327834e-01
3.000000000000000000e+01 3.574638999999999248e-03 2.330381781109240047e-01
4.000000000000000000e+01 3.502025999999992291e-03 2.327637680608804494e-01
5.000000000000000000e+01 2.127309999999999011e-03 2.330779567019280185e-01
6.000000000000000000e+01 1.319884999999999375e-03 2.326322737275543784e-01
7.000000000000000000e+01 -1.899941000000003946e-03 2.341114604797456256e-01
8.000000000000000000e+01 -4.456308000000004307e-03 2.361200374649113642e-01
9.000000000000000000e+01 -2.197325999999991640e-03 2.374846162744817524e-01
1.000000000000000000e+02 -7.870030000000005285e-04 2.371734845436668515e-01
1.100000000000000000e+02 -7.243689999999993389e-04 2.387392151932709039e-01
1.200000000000000000e+02 -3.061269999999994412e-03 2.384663556618524805e-01
1.300000000000000000e+02 -3.813015999999997633e-03 2.418299441089498125e-01
1.400000000000000000e+02 -1.590562000000000659e-03 2.447227899097673964e-01
1.500000000000000000e+02 8.153940000000027034e-04 2.446296133294103559e-01
1.600000000000000000e+02 1.433660000000002398e-03 2.433522127074014274e-01
1.700000000000000000e+02 3.809286000000004172e-03 2.438742833690634715e-01
1.800000000000000000e+02 4.329169999999995036e-03 2.472786779664336021e-01
1.900000000000000000e+02 2.436758000000001975e-03 2.456934775781224878e-01
2.000000000000000000e+02 1.805831000000000797e-03 2.436689389809140460e-01
