5.468450000000000000e+04,1.037388337138529237e-01
5.468750000000000000e+04,8.648535770492503383e-02
5.469050000000000000e+04,8.501404613221165418e-02
5.469350000000000000e+04,7.672695950119651220e-02
5.469650000000000000e+04,9.136123835261704407e-02
5.469950000000000000e+04,2.349884060580244849e-01
5.470250000000000000e+04,1.333385922573232796e-01
5.470550000000000000e+04,1.113808501213100072e-01
5.470850000000000000e+04,7.463741787878927503e-02
5.471150000000000000e+04,7.816348908555147135e-02
5.471450000000000000e+04,8.476040372119002242e-02
5.471750000000000000e+04,5.795008308028115618e-02
5.472350000000000000e+04,8.910806052358176410e-02
5.472650000000000000e+04,4.850243872405453349e-02
5.472950000000000000e+04,4.397761138545548676e-02
5.473250000000000000e+04,8.694116061975956655e-02
5.473850000000000000e+04,3.052238835328646011e-02
5.474150000000000000e+04,4.267476965727552696e-02
5.474450000000000000e+04,4.437934401488417141e-02
5.474750000000000000e+04,4.950121790618248335e-02
5.475050000000000000e+04,5.644105755208809333e-02
5.475350000000000000e+04,7.814504025270592458e-02
5.475950000000000000e+04,7.531972555121067836e-02
5.476250000000000000e+04,3.659669705024806013e-02
5.476550000000000000e+04,1.172028322712483639e-01
5.476850000000000000e+04,3.310609568055157825e-01
5.477450000000000000e+04,6.654027696645985201e-02
5.478650000000000000e+04,8.890790454124485043e-02
5.478950000000000000e+04,5.345130814578107764e-02
5.479250000000000000e+04,5.387767923085675509e-02
5.479550000000000000e+04,4.492075656138111439e-02
5.480450000000000000e+04,1.190502276518418945e-01
5.481050000000000000e+04,1.534468161617640325e-01
5.481650000000000000e+04,1.059654836629029956e-01
5.482850000000000000e+04,5.066935443160486968e-02
5.483150000000000000e+04,7.209041345098571307e-02
5.483450000000000000e+04,1.067988277784926859e-01
5.483750000000000000e+04,1.945664949824582046e-01
5.484350000000000000e+04,9.619054767056699207e-02
5.484650000000000000e+04,1.089984402411704745e-01
5.484950000000000000e+04,2.912988899028048917e-01
5.485250000000000000e+04,1.799425263256158591e-01
5.485550000000000000e+04,2.080082211193614306e-01
5.485850000000000000e+04,1.602659609658958761e-01
5.486150000000000000e+04,1.656687554651996297e-01
5.486450000000000000e+04,7.153106603425392340e-02
5.486750000000000000e+04,6.984202873505804265e-02
5.487050000000000000e+04,1.416168578249914767e-01
5.487350000000000000e+04,1.876779378759246553e-01
5.487650000000000000e+04,3.795354504049158195e-01
5.487950000000000000e+04,9.866531111206698623e-02
5.488250000000000000e+04,1.438033438438605094e-01
5.488550000000000000e+04,2.686037222668848368e-01
5.488850000000000000e+04,3.029733916470041533e-01
5.489150000000000000e+04,1.423403483416350868e-01
5.489450000000000000e+04,1.167997740458018470e-02
5.489750000000000000e+04,5.743760913430526888e-02
5.490050000000000000e+04,1.731582084491049833e-01
5.491850000000000000e+04,1.410441204779059321e-01
5.492150000000000000e+04,1.884813054813727351e-01
5.492450000000000000e+04,1.236779735392328355e-01
5.492750000000000000e+04,6.629803589530575136e-02
5.493050000000000000e+04,1.569822035958045869e-01
5.493350000000000000e+04,9.858253541559908184e-02
5.493650000000000000e+04,7.557061350339830397e-02
5.493950000000000000e+04,1.885401820723416402e-02
5.494550000000000000e+04,1.688703856859540553e-01
5.495150000000000000e+04,4.351505504254992579e-02
5.495750000000000000e+04,2.419583920757032436e-01
5.496950000000000000e+04,5.943963821164385819e-02
5.497250000000000000e+04,5.249457009087991899e-02
5.497550000000000000e+04,5.303363095426098101e-02
5.498450000000000000e+04,8.966630824420802892e-02
5.499350000000000000e+04,7.515259878592561726e-02
5.499650000000000000e+04,2.134787484485970166e-01
5.499950000000000000e+04,1.395356933957965784e-01
5.500250000000000000e+04,1.125376829324467448e-01
5.500550000000000000e+04,3.517493669335480799e-01
5.500850000000000000e+04,5.897081978172449140e-02
5.501150000000000000e+04,9.658504460713147888e-02
5.501450000000000000e+04,8.616626388912790313e-02
5.502050000000000000e+04,1.165241273295876817e-01
5.502350000000000000e+04,2.130691377634010564e-01
5.502650000000000000e+04,1.602083001755497116e-01
5.502950000000000000e+04,1.596471127863193507e-01
5.503250000000000000e+04,1.971138321734391130e-01
5.503550000000000000e+04,1.801400859708277014e-01
5.504150000000000000e+04,1.748773782581793113e-01
5.504750000000000000e+04,1.638314191009128118e-01
5.505350000000000000e+04,2.114308316916619634e-01
5.505950000000000000e+04,3.648510043141312553e-01
5.507450000000000000e+04,1.037073478762694234e-01
5.507750000000000000e+04,6.964693465643780057e-02
5.508050000000000000e+04,7.711656020699397818e-02
5.508350000000000000e+04,1.014281683955501195e-01
5.508650000000000000e+04,1.084224356656694060e-01
5.508950000000000000e+04,1.254360972759316073e-01
5.509250000000000000e+04,2.538438298376649027e-01
5.509550000000000000e+04,4.385532553321512816e-01
5.510150000000000000e+04,9.155653933656378307e-02
5.510450000000000000e+04,9.460457874718485038e-02
5.510750000000000000e+04,2.090794231192560082e-01
5.511050000000000000e+04,8.617190008253218514e-02
5.511350000000000000e+04,6.864399565954171223e-02
5.511950000000000000e+04,7.242556564961173671e-02
5.512250000000000000e+04,8.780066952124900015e-02
5.512550000000000000e+04,2.474947030529171532e-01
5.512850000000000000e+04,1.941077828218947809e-01
5.513450000000000000e+04,1.590251612231315115e-01
5.513750000000000000e+04,2.908175680886935233e-01
5.514350000000000000e+04,3.147955619106652669e-01
5.514650000000000000e+04,2.890163460304381871e-01
5.514950000000000000e+04,3.446197422044913750e-01
5.515250000000000000e+04,1.979374102074889785e-01
5.515550000000000000e+04,1.025208417440154757e-01
5.515850000000000000e+04,3.715187506464803779e-01
5.516150000000000000e+04,4.018466825743798321e-01
5.516450000000000000e+04,1.708867027595957211e-01
5.516750000000000000e+04,1.339174842181383718e-01
5.517050000000000000e+04,2.028040792658891422e-01
5.517350000000000000e+04,2.454655747492659468e-01
5.517650000000000000e+04,2.489093561337838989e-01
5.517950000000000000e+04,2.361357674436188603e-01
5.518250000000000000e+04,3.473486226198829185e-01
5.518550000000000000e+04,5.069108840676042060e-01
5.518850000000000000e+04,2.641933848244356620e-01
5.519150000000000000e+04,1.253844295393617692e-01
5.519450000000000000e+04,8.570378572563182307e-02
5.519750000000000000e+04,7.965653589710784688e-02
5.520050000000000000e+04,2.087877164802728336e-01
5.520350000000000000e+04,5.894523705670448588e-02
5.520650000000000000e+04,1.293543802912720531e-01
5.520950000000000000e+04,7.030759227071099737e-02
5.521250000000000000e+04,2.288604538189416282e-01
5.521550000000000000e+04,1.845447153511662608e-01
5.521850000000000000e+04,2.119853006709912779e-01
5.522150000000000000e+04,1.188121090881932296e-01
5.522750000000000000e+04,1.972795447715349204e-01
5.523050000000000000e+04,3.333301018195846677e-01
5.523350000000000000e+04,2.404726465666326418e-01
5.523650000000000000e+04,1.404175079371515755e-01
5.523950000000000000e+04,1.049581676449245632e-01
5.524550000000000000e+04,1.754025624506528602e-01
5.524850000000000000e+04,2.021633524126803805e-01
5.525150000000000000e+04,2.977880281564936893e-01
5.525450000000000000e+04,3.896953451786154821e-01
5.525750000000000000e+04,3.350567068666722714e-01
5.526050000000000000e+04,3.212294398300248321e-01
5.526350000000000000e+04,5.703751847953575371e-01
5.526650000000000000e+04,3.719392416130443135e-01
5.526950000000000000e+04,4.259676772158001445e-01
5.527250000000000000e+04,5.485949358118200614e-01
5.527550000000000000e+04,5.363315215833617255e-01
5.527850000000000000e+04,1.033849152985334835e-01
5.528150000000000000e+04,1.973305748296689532e-01
5.528750000000000000e+04,2.187458714303731344e-01
5.529050000000000000e+04,4.918835753792370480e-01
5.529350000000000000e+04,2.580773362072796284e-01
5.529650000000000000e+04,4.327320893088928977e-01
5.529950000000000000e+04,6.711951094156346498e-01
5.530250000000000000e+04,4.555768015091608003e-01
5.530550000000000000e+04,5.177066915272910963e-01
5.530850000000000000e+04,3.531438383823576332e-01
5.531150000000000000e+04,4.590773562216624581e-01
5.531450000000000000e+04,2.342012027482945624e-01
5.531750000000000000e+04,2.407293265686122341e-01
5.532050000000000000e+04,2.877457738805883625e-01
5.532350000000000000e+04,2.087954436110734668e-01
5.532650000000000000e+04,2.701197432049106673e-01
5.532950000000000000e+04,1.258972073953923687e-01
5.533250000000000000e+04,9.943541210673009778e-02
5.533550000000000000e+04,2.515989069777260778e-01
5.533850000000000000e+04,1.624856811572971405e-01
5.534150000000000000e+04,2.208227563265374449e-01
5.534450000000000000e+04,2.727678728200227387e-01
5.534750000000000000e+04,1.837868454738940116e-01
5.535050000000000000e+04,2.983211874925927876e-01
5.535350000000000000e+04,2.169601301372983404e-01
5.535650000000000000e+04,2.742328486042499569e-01
5.535950000000000000e+04,2.730184218309328892e-01
5.536250000000000000e+04,2.160523130381725165e-01
5.536550000000000000e+04,1.295654770622907959e-01
5.536850000000000000e+04,1.558758808382866012e-01
5.537150000000000000e+04,3.924016683014378004e-01
5.537450000000000000e+04,2.939884932515794413e-01
5.538050000000000000e+04,2.032156055316925725e-01
5.538350000000000000e+04,2.991832762228678333e-01
5.538650000000000000e+04,2.018660998672664741e-01
5.538950000000000000e+04,1.953918237081447018e-01
5.539250000000000000e+04,9.550983332143128668e-02
5.539550000000000000e+04,7.054228053246482111e-02
5.539850000000000000e+04,1.419611235016596251e-01
5.540450000000000000e+04,4.257456176184342689e-01
5.540750000000000000e+04,6.216350244756312371e-01
5.541050000000000000e+04,7.191677252597851455e-02
5.541650000000000000e+04,1.178606303334744226e-01
5.541950000000000000e+04,1.776566811292868697e-01
5.542250000000000000e+04,1.914223158576310868e-01
5.542550000000000000e+04,4.559358854557977736e-01
5.542850000000000000e+04,4.463852085033277045e-02
5.543150000000000000e+04,1.045271177894219056e-01
5.543450000000000000e+04,1.761936861828148349e-01
5.543750000000000000e+04,1.218303579165659067e-01
5.544050000000000000e+04,1.041049681263179760e-01
5.544350000000000000e+04,1.524552389859819557e-01
5.544650000000000000e+04,1.922860463080554860e-01
5.544950000000000000e+04,6.999556365384634882e-02
5.545250000000000000e+04,1.836412327123955190e-01
5.545550000000000000e+04,4.016420508778107551e-02
5.545850000000000000e+04,5.995621234762806701e-02
5.547650000000000000e+04,1.057512816141624318e-01
5.547950000000000000e+04,1.027712899804105462e-01
5.548250000000000000e+04,4.739525587450246769e-02
5.548550000000000000e+04,1.301061969708214860e-01
5.549150000000000000e+04,2.083537545689482517e-01
5.549450000000000000e+04,2.423683274621026840e-01
5.549750000000000000e+04,1.536327198688466622e-01
5.550050000000000000e+04,2.148006572148527249e-01
5.550350000000000000e+04,2.231333798284112213e-01
5.550950000000000000e+04,2.491641549503138264e-01
5.551550000000000000e+04,3.927481103879423285e-01
5.551850000000000000e+04,2.888455567072768515e-01
5.552150000000000000e+04,4.024445781590602067e-01
5.552750000000000000e+04,3.452999864847258182e-01
5.553050000000000000e+04,7.889932128442190828e-01
5.553350000000000000e+04,5.930468083402257173e-01
5.553650000000000000e+04,7.645760202156990371e-01
5.553950000000000000e+04,1.171918106644616930e+00
5.554250000000000000e+04,1.201602132242444831e+00
5.554550000000000000e+04,1.221366799615663412e+00
5.554850000000000000e+04,1.865109826199550902e+00
5.555150000000000000e+04,2.115272796143559564e+00
5.555450000000000000e+04,1.478448594183996212e+00
5.555750000000000000e+04,2.017638835392653984e+00
5.556350000000000000e+04,2.327520102468193741e+00
5.556650000000000000e+04,4.558987115053398043e+00
5.556950000000000000e+04,3.572292646599612542e+00
5.557850000000000000e+04,1.341446727384562276e+00
5.558150000000000000e+04,1.341922002039665385e+00
5.558450000000000000e+04,4.528552710105911316e+00
5.558750000000000000e+04,1.656048315426896123e+00
5.559350000000000000e+04,1.550911142370785534e+00
5.559650000000000000e+04,1.207251280841155738e+00
5.560250000000000000e+04,6.666352371988660819e-01
5.560550000000000000e+04,6.001934567748715699e-01
5.560850000000000000e+04,6.923291684687883363e-01
5.561150000000000000e+04,1.435239110391718365e-01
5.561450000000000000e+04,2.409330520700502520e-01
5.561750000000000000e+04,2.109041364349556191e-01
5.562050000000000000e+04,3.988371504040154059e-01
5.562350000000000000e+04,1.603241094499824881e-01
5.562650000000000000e+04,2.495260131220771727e-01
5.562950000000000000e+04,1.544019383630812203e-01
5.563250000000000000e+04,3.708606594419501801e-01
5.563550000000000000e+04,5.844202670475363570e-01
5.563850000000000000e+04,5.256597147384204360e-01
5.564150000000000000e+04,2.891131924745880544e-01
5.564450000000000000e+04,3.899168643803462286e-01
5.564750000000000000e+04,3.440215895869287444e-01
5.565050000000000000e+04,2.223787441849381374e-01
5.565350000000000000e+04,3.041075942506548668e-01
5.565650000000000000e+04,5.534054887213868401e-01
5.566250000000000000e+04,4.158435473957865502e-01
5.566550000000000000e+04,2.850371921986746826e-01
5.566850000000000000e+04,3.440701051788113696e-01
5.567150000000000000e+04,4.584619701152650162e-01
5.567450000000000000e+04,3.352925249734763358e-01
5.567750000000000000e+04,4.498265165830062640e-01
5.568050000000000000e+04,3.844997120267109048e-01
5.568350000000000000e+04,3.480271364847808968e-01
5.568650000000000000e+04,2.699739602674474659e-01
5.568950000000000000e+04,3.908195963153521801e-01
5.569250000000000000e+04,2.713480139336379993e-01
5.569550000000000000e+04,1.456033850467607083e-01
5.569850000000000000e+04,5.891476861397452192e-01
5.570150000000000000e+04,7.071693010294259896e-01
5.570450000000000000e+04,4.713576504421627122e-01
5.570750000000000000e+04,3.248722725730086025e-01
5.571050000000000000e+04,2.772244834665641422e-01
5.571350000000000000e+04,1.684395040875033556e-01
5.571650000000000000e+04,2.182109558581319664e-01
5.571950000000000000e+04,1.105036066146211082e-01
5.572250000000000000e+04,4.716995895431271013e-02
5.572550000000000000e+04,2.620432838602578807e-01
5.572850000000000000e+04,3.259797959804806577e-01
5.573150000000000000e+04,1.994655050436324462e-01
5.573450000000000000e+04,1.465165194220764133e-01
5.573750000000000000e+04,1.634616394664043237e-01
5.574050000000000000e+04,3.875250659922621632e-02
5.574350000000000000e+04,2.627593681767294020e-01
5.574650000000000000e+04,2.195469450796011524e-01
5.574950000000000000e+04,3.014050758651008466e-01
5.575250000000000000e+04,1.222050510693026421e-01
5.575550000000000000e+04,8.245846802532022513e-02
5.575850000000000000e+04,1.182241918531427294e-01
5.576150000000000000e+04,2.493983522413983911e-01
5.576450000000000000e+04,2.524001956973602745e-01
5.576750000000000000e+04,4.164713021465637488e-01
5.577050000000000000e+04,3.469576535528067773e-01
5.577350000000000000e+04,5.531455178945731133e-01
5.577650000000000000e+04,4.774304436593545531e-01
5.577950000000000000e+04,3.961681059852737441e-01
5.578250000000000000e+04,4.908969423994263281e-01
5.578550000000000000e+04,7.683637458018578448e-01
5.578850000000000000e+04,9.809614314889500974e-01
5.579150000000000000e+04,4.858630655407319421e-01
5.579450000000000000e+04,4.789677049188997282e-01
5.579750000000000000e+04,5.205614902859665438e-01
5.580050000000000000e+04,2.476732200418343965e-01
5.580350000000000000e+04,3.227732663344474728e-01
5.580650000000000000e+04,3.122825603692140350e-01
5.580950000000000000e+04,1.849821580935839538e-01
5.581250000000000000e+04,1.802906136157309824e-01
5.581550000000000000e+04,2.718337717541349230e-01
5.581850000000000000e+04,1.876248173014729848e-01
5.582150000000000000e+04,2.827463302269067058e-01
5.582450000000000000e+04,3.076417166156141803e-01
5.582750000000000000e+04,2.869097116420247784e-01
5.583050000000000000e+04,2.597953279865750087e-01
5.583350000000000000e+04,1.744610901746849463e-01
5.583650000000000000e+04,1.156933094100961457e-01
5.583950000000000000e+04,1.103193950297872566e-01
5.584250000000000000e+04,1.355961135772280890e-01
5.584550000000000000e+04,2.604309433153547682e-01
5.584850000000000000e+04,1.851948119204112342e-01
5.585150000000000000e+04,2.768962233604716494e-01
5.585450000000000000e+04,2.627988522410990568e-01
5.585750000000000000e+04,1.523739923354564541e-01
5.586050000000000000e+04,2.360896273254025901e-01
5.586350000000000000e+04,8.626143614165801554e-02
5.586650000000000000e+04,9.311828571215693962e-02
5.586950000000000000e+04,1.548793112422246487e-01
5.587250000000000000e+04,2.918294691113657024e-01
5.587550000000000000e+04,4.810567090298095150e-01
5.587850000000000000e+04,2.161137538500011723e-01
5.588150000000000000e+04,3.465568345853228260e-01
5.588450000000000000e+04,2.235800599229138541e-01
5.588750000000000000e+04,3.201291452080005095e-01
5.589050000000000000e+04,2.214382438359265570e-01
5.589350000000000000e+04,2.483094953284369077e-01
5.589650000000000000e+04,1.063658760784305102e-01
5.589950000000000000e+04,2.056267357460817014e-01
5.590250000000000000e+04,3.188294203815281169e-01
5.590550000000000000e+04,3.096073662255754977e-01
5.590850000000000000e+04,1.943246017913197732e-01
5.591150000000000000e+04,8.728248297540910916e-02
5.591450000000000000e+04,1.954952700385816367e-01
5.591750000000000000e+04,1.649675472327422343e-01
5.592050000000000000e+04,1.980418402943931733e-01
5.592350000000000000e+04,3.251793601320697724e-01
5.592650000000000000e+04,2.121027028078988075e-01
5.592950000000000000e+04,1.719524374583518977e-01
5.593250000000000000e+04,1.732042644604877835e-01
5.593550000000000000e+04,2.825625203623661208e-01
5.593850000000000000e+04,6.221212946381984299e-01
5.594150000000000000e+04,7.161455240393322930e-01
5.594450000000000000e+04,3.826245777537654047e-01
5.594750000000000000e+04,2.504962233774763458e-01
5.595050000000000000e+04,3.323291014902982066e-01
5.595350000000000000e+04,1.626760264543969381e-01
5.595650000000000000e+04,1.136417900532447900e-01
5.595950000000000000e+04,2.812631226357991121e-01
5.596250000000000000e+04,1.440706723333323169e-01
5.596550000000000000e+04,2.135118348703358704e-01
5.596850000000000000e+04,1.422649315916447998e-01
5.597150000000000000e+04,1.019076087065642761e-01
5.597450000000000000e+04,1.256259306737456949e-01
5.597750000000000000e+04,1.713919439101460884e-01
5.598050000000000000e+04,1.760346347625590113e-01
5.598350000000000000e+04,8.569996114442332558e-02
5.598650000000000000e+04,4.977267161443114235e-02
5.598950000000000000e+04,3.732492654108641172e-01
5.599250000000000000e+04,1.812178840020760850e-01
5.599550000000000000e+04,1.615142044694984069e-01
5.599850000000000000e+04,2.367307729578778663e-01
5.600150000000000000e+04,1.874170946208132404e-01
5.600450000000000000e+04,1.203812715218002261e-01
5.600750000000000000e+04,1.259213619014094843e-01
5.601050000000000000e+04,1.527562067898640963e-01
5.601350000000000000e+04,1.921667607053364202e-01
5.601650000000000000e+04,2.173499562529409013e-01
5.601950000000000000e+04,1.789319446670704084e-01
5.602250000000000000e+04,2.078280244048793801e-01
5.602550000000000000e+04,5.098091051746245217e-01
5.602850000000000000e+04,6.367785222242060561e-01
5.603150000000000000e+04,2.001778182557900077e-01
5.603750000000000000e+04,1.175601169410379065e-01
5.604050000000000000e+04,1.837922532461484237e-01
5.604350000000000000e+04,5.346122994252129335e-01
5.604650000000000000e+04,1.880575334330502058e-01
5.604950000000000000e+04,1.033220402584248271e-01
5.605250000000000000e+04,1.450023141858658715e-01
5.605550000000000000e+04,1.744214965454305155e-01
5.605850000000000000e+04,5.653787950383137861e-02
5.606150000000000000e+04,1.902777359619546027e-01
5.606450000000000000e+04,1.569882952579542412e-01
5.606750000000000000e+04,1.909986767017135822e-01
5.607050000000000000e+04,1.813602887904563477e-01
5.607350000000000000e+04,9.204207605456912744e-02
5.607650000000000000e+04,3.251962485599753094e-01
5.607950000000000000e+04,3.206491689271245837e-01
5.608250000000000000e+04,7.875467160799939359e-01
5.608550000000000000e+04,4.009455754687011875e-01
5.608850000000000000e+04,2.260804194093293806e-01
5.609150000000000000e+04,1.959999675980592937e-01
5.609450000000000000e+04,2.137967975358028572e-01
5.609750000000000000e+04,1.734981408356332522e-01
5.610050000000000000e+04,3.052503865632713240e-02
5.610350000000000000e+04,2.786092414327546729e-01
5.610650000000000000e+04,3.099670105202858572e-01
5.610950000000000000e+04,1.690368113168267961e-01
5.611250000000000000e+04,1.341434299597929203e-01
5.611550000000000000e+04,1.364231148733325016e-01
5.611850000000000000e+04,2.582981563120148594e-01
5.612150000000000000e+04,2.577564326580143450e-01
5.612450000000000000e+04,1.204116568073168442e-01
5.612750000000000000e+04,1.783233076309960752e-01
5.613050000000000000e+04,1.871034226930064492e-01
5.613350000000000000e+04,2.010224644354710044e-01
5.613650000000000000e+04,2.400741868827730441e-01
5.613950000000000000e+04,3.568958443269117375e-01
5.614250000000000000e+04,2.307009854201366172e-01
5.614550000000000000e+04,3.423077392962522308e-02
5.614850000000000000e+04,1.560874269898156197e-01
5.615150000000000000e+04,1.743014295346526354e-01
5.615450000000000000e+04,1.792760055447056300e-01
5.615750000000000000e+04,2.617835868523548659e-01
5.616050000000000000e+04,2.308971772687394841e-01
5.616350000000000000e+04,1.182066163934431396e-01
5.616650000000000000e+04,8.268704807660935685e-02
5.616950000000000000e+04,1.848339765138638235e-01
5.617250000000000000e+04,1.358065562557726758e-01
5.617550000000000000e+04,7.172890369483425621e-02
5.617850000000000000e+04,1.240366371945920976e-01
5.618150000000000000e+04,8.152339475769443400e-02
5.618450000000000000e+04,1.593902593279168944e-01
5.618750000000000000e+04,1.441284836125853175e-01
5.619050000000000000e+04,9.814863203043384943e-02
5.619350000000000000e+04,1.899180740480709839e-01
5.619650000000000000e+04,2.753021537421872500e-01
5.619950000000000000e+04,1.342460085932720426e-01
5.620250000000000000e+04,2.363620499832828625e-01
5.620550000000000000e+04,1.429485601070488998e-01
5.621150000000000000e+04,3.621909735094457072e-02
5.621750000000000000e+04,7.163132146536653477e-02
5.622050000000000000e+04,2.812565211884309191e-01
5.622350000000000000e+04,5.572204183269157535e-02
5.622650000000000000e+04,1.435069713881276798e-01
5.622950000000000000e+04,3.361313107449797055e-01
5.623250000000000000e+04,1.179968204990401587e-01
5.623550000000000000e+04,1.818895822728360812e-01
5.623850000000000000e+04,2.792532553366058878e-01
5.624150000000000000e+04,1.919573641123754892e-01
5.624750000000000000e+04,3.874591958864159191e-01
5.625350000000000000e+04,2.334501098185993939e+00
5.625650000000000000e+04,7.517271379253746666e+00
5.625950000000000000e+04,1.521398924673255770e+00
5.626250000000000000e+04,8.040940276277288579e-01
5.626550000000000000e+04,7.921669825453564462e-01
5.626850000000000000e+04,3.471845138204389669e-01
5.627150000000000000e+04,1.453501263478659267e-01
5.627450000000000000e+04,1.511835497485702062e-01
5.628350000000000000e+04,2.912131037281037171e-01
5.628650000000000000e+04,7.977009926938498363e-02
5.629250000000000000e+04,1.203994783159302445e-01
5.629550000000000000e+04,1.039065374069343545e-01
5.629850000000000000e+04,2.951649198418501707e-01
5.630150000000000000e+04,4.903167962527590212e-02
5.630450000000000000e+04,1.268383830357157904e-01
5.630750000000000000e+04,1.390267857109885041e-01
5.631350000000000000e+04,2.585538715672875965e-01
5.631650000000000000e+04,3.275328423082710105e-01
5.631950000000000000e+04,3.531850974819827349e-01
5.632850000000000000e+04,1.273773776286485915e-01
5.633150000000000000e+04,1.506081100482188073e-01
5.634050000000000000e+04,9.059621344847387792e-02
5.634350000000000000e+04,7.958377755645580642e-02
5.634950000000000000e+04,8.866646188883485491e-02
5.635550000000000000e+04,6.807411040046809636e-02
5.636150000000000000e+04,1.212830867144947949e-01
5.636450000000000000e+04,6.141406978082093737e-02
5.636750000000000000e+04,2.765615834732688266e-02
5.637350000000000000e+04,9.124711552200610865e-02
5.637650000000000000e+04,9.990310989930306640e-02
5.637950000000000000e+04,7.703901771379476071e-02
5.638550000000000000e+04,1.063356072832106758e-01
5.639450000000000000e+04,1.069528718102429193e-01
5.639750000000000000e+04,1.439036466656274660e-01
5.640950000000000000e+04,4.788244878456521941e-02
5.641250000000000000e+04,1.968434583495605461e-02
5.641550000000000000e+04,1.859315132924699576e-01
5.641850000000000000e+04,2.483098843384743404e-01
5.642150000000000000e+04,2.050296186743157112e-01
5.642450000000000000e+04,1.771283156436739281e-01
5.642750000000000000e+04,1.661852004562657248e-01
5.643050000000000000e+04,2.270517060446858304e-01
5.643350000000000000e+04,1.452261070888152816e-01
5.643650000000000000e+04,2.051644048577205837e-01
5.643950000000000000e+04,9.048231391327875295e-02
5.644250000000000000e+04,1.763404184313481227e-01
5.644850000000000000e+04,1.077267835083253328e-01
5.645150000000000000e+04,1.674933458237262418e-01
5.645450000000000000e+04,7.574655232770220736e-02
5.645750000000000000e+04,1.238139845070680561e-01
5.646050000000000000e+04,9.496544747005289389e-02
5.646350000000000000e+04,1.088226168005059641e-01
5.646650000000000000e+04,8.617602435641723291e-02
5.646950000000000000e+04,1.123097285386798760e-01
5.647250000000000000e+04,1.654697328633814579e-01
5.647550000000000000e+04,1.368900639132255570e-01
5.647850000000000000e+04,1.395814798488492492e-01
5.648150000000000000e+04,1.744567885213419156e-01
5.648450000000000000e+04,3.343357501838395973e-01
5.648750000000000000e+04,3.630902415341187295e-01
5.649050000000000000e+04,2.677840109878601438e-01
5.649350000000000000e+04,2.069572304486615721e-01
5.649650000000000000e+04,1.669659890176174999e-01
5.649950000000000000e+04,2.061416387489685975e-01
5.650250000000000000e+04,2.600951396063206356e-01
5.650550000000000000e+04,2.806781434508722195e-01
5.650850000000000000e+04,2.459955488942516255e-01
5.651150000000000000e+04,4.350031727099593071e-01
5.651450000000000000e+04,5.977513587912155479e-01
5.651750000000000000e+04,3.055632639540616924e-01
5.652050000000000000e+04,7.676593790431877062e-01
5.652350000000000000e+04,1.002949116033004628e+00
5.652650000000000000e+04,3.911581759055166030e-01
5.652950000000000000e+04,8.238549934797638752e-01
5.653250000000000000e+04,3.756955749930545596e-01
5.653550000000000000e+04,2.979731390826306225e-01
5.654150000000000000e+04,2.129593306417808252e-01
5.654450000000000000e+04,3.485843161948849467e-01
5.654750000000000000e+04,3.558990585168942400e-01
5.655050000000000000e+04,3.989047792070414267e-01
5.655350000000000000e+04,3.941015523538626275e-01
5.655650000000000000e+04,5.735406415539240355e-01
5.655950000000000000e+04,2.082641173460583750e-01
5.656250000000000000e+04,1.477363698649518109e-01
5.656550000000000000e+04,2.318483330865187542e-01
5.656850000000000000e+04,6.924112923003319375e-01
5.657150000000000000e+04,4.550857587346562871e-01
5.657450000000000000e+04,1.987447926943125831e-01
5.657750000000000000e+04,3.660848062039506745e-01
5.658050000000000000e+04,2.306166456574034740e-01
5.658350000000000000e+04,3.141538538175179252e-01
5.658650000000000000e+04,2.383830503352867280e-01
5.658950000000000000e+04,2.993520834669972097e-01
5.659550000000000000e+04,2.576050871564710132e-01
5.659850000000000000e+04,3.862263985122965093e-01
5.660150000000000000e+04,3.164061224555098084e-01
5.660450000000000000e+04,2.730026797293664265e-01
5.660750000000000000e+04,2.849661771502491336e-01
5.661050000000000000e+04,4.230044360366735368e-01
5.661350000000000000e+04,3.676686197427385117e-01
5.661650000000000000e+04,2.152282576668330394e-01
5.661950000000000000e+04,1.130341131369552859e-01
5.662250000000000000e+04,8.773955742609085284e-02
5.662550000000000000e+04,6.061069072803455110e-02
5.662850000000000000e+04,1.091516636490011405e-01
5.663150000000000000e+04,2.294396930214792629e-01
5.664050000000000000e+04,3.770981763915214890e-01
5.664650000000000000e+04,4.215345828855431298e-01
5.664950000000000000e+04,3.821788416779025588e-01
5.665250000000000000e+04,8.559653339026912500e-01
5.665550000000000000e+04,6.246278051001118437e-01
5.666150000000000000e+04,3.974814770126329777e-01
5.666450000000000000e+04,2.826473786797164545e-01
5.666750000000000000e+04,3.383225681915136285e-01
5.667050000000000000e+04,5.009842044103134384e-01
5.667350000000000000e+04,4.024883312755797027e-01
5.667650000000000000e+04,2.509837422448170652e-01
5.667950000000000000e+04,2.061928658639842482e-01
5.668250000000000000e+04,3.603942038858592989e-01
5.668550000000000000e+04,1.020059507809052135e-01
5.668850000000000000e+04,1.478776657123717364e-01
5.669150000000000000e+04,2.745650949849396394e-01
5.669450000000000000e+04,2.915039829150152806e-01
5.669750000000000000e+04,1.998043266336231860e-01
5.670050000000000000e+04,2.716955682916259440e-01
5.670350000000000000e+04,2.798732334293773660e-01
5.670650000000000000e+04,2.750258701443502596e-01
5.670950000000000000e+04,2.494278654603381828e-01
5.671250000000000000e+04,1.886377226827695985e-01
5.671550000000000000e+04,3.980864759129541519e-01
5.671850000000000000e+04,3.721907564855085893e-01
5.672150000000000000e+04,2.553612443276589428e-01
5.672450000000000000e+04,3.736807830509369377e-01
5.673050000000000000e+04,3.201760055630457069e-01
5.673350000000000000e+04,1.613426229422722236e-01
5.673650000000000000e+04,2.345769817526987544e-01
5.673950000000000000e+04,3.294031953662199808e-01
5.674250000000000000e+04,3.833410585730857023e-01
5.674550000000000000e+04,5.207913065213003456e-01
5.674850000000000000e+04,4.320089153939409843e-01
5.676350000000000000e+04,4.337788604847798712e-01
5.677250000000000000e+04,4.141569278174311863e-01
5.677550000000000000e+04,2.109583351046674105e-01
5.677850000000000000e+04,2.851467944053522885e-01
5.678150000000000000e+04,1.617390567558897874e-01
5.678450000000000000e+04,2.874658175519400061e-01
5.678750000000000000e+04,1.436444669528572915e-01
5.679350000000000000e+04,8.785630662108444289e-02
5.679950000000000000e+04,3.899152871331924008e-01
5.680250000000000000e+04,2.061719741731765088e-01
5.680550000000000000e+04,1.911336467002644479e-01
5.680850000000000000e+04,1.239098155608129026e-01
5.681450000000000000e+04,7.412466555245689204e-02
5.682050000000000000e+04,1.317344135693816476e-01
5.682350000000000000e+04,1.840320994175324576e-01
5.682650000000000000e+04,1.380531440136081589e-01
5.682950000000000000e+04,1.827202449455541666e-01
5.683250000000000000e+04,8.530539348995652693e-02
5.684450000000000000e+04,1.375512577674782300e-01
5.685050000000000000e+04,1.073603466591652733e-01
5.685350000000000000e+04,1.807953286364575030e-01
5.686250000000000000e+04,1.287925435228886861e-01
5.686550000000000000e+04,1.411403783169142001e-01
5.686850000000000000e+04,3.577788306654285377e-01
5.688050000000000000e+04,1.321488625403314798e-01
5.689250000000000000e+04,2.209160248937982463e-01
5.689550000000000000e+04,5.756203605200802542e-01
5.689850000000000000e+04,6.909946210081566731e-01
5.690750000000000000e+04,9.230693818382357252e-01
5.691050000000000000e+04,5.961811280136635194e-01
5.691350000000000000e+04,5.940724384814040082e-01
5.691650000000000000e+04,4.322648037966168588e-01
5.691950000000000000e+04,4.940695448425174163e-01
5.692250000000000000e+04,6.682763481853669640e-01
5.692550000000000000e+04,5.612918531183572757e-01
5.693750000000000000e+04,5.139390164173225362e-01
5.694350000000000000e+04,3.830528508034256041e-01
5.694650000000000000e+04,7.309644565707184016e-01
5.694950000000000000e+04,2.804727581259560121e-01
5.695250000000000000e+04,2.078017521031106651e-01
5.696150000000000000e+04,4.910159169466500884e-01
5.696450000000000000e+04,5.809032291852375129e-01
5.696750000000000000e+04,9.549357725600270408e-01
5.697050000000000000e+04,1.365228781987759765e+00
5.697650000000000000e+04,1.566162927340235100e+00
5.698550000000000000e+04,1.290039874427925115e+00
5.698850000000000000e+04,1.285269520921703101e+00
5.699150000000000000e+04,1.075290819129329112e+00
5.699450000000000000e+04,1.122739914845652498e+00
5.699750000000000000e+04,1.192131966774126361e+00
5.700050000000000000e+04,1.351824703483462509e+00
5.700350000000000000e+04,9.389238475880024026e-01
5.700650000000000000e+04,7.859865039893396688e-01
5.700950000000000000e+04,1.145421199263184864e+00
5.701550000000000000e+04,8.227572020522749829e-01
5.701850000000000000e+04,1.112168043629772729e+00
5.702150000000000000e+04,9.170480245242313977e-01
5.702450000000000000e+04,8.438315203620427862e-01
5.702750000000000000e+04,7.522764148553756636e-01
5.703050000000000000e+04,6.017249442558946226e-01
5.703350000000000000e+04,6.911798032972218397e-01
5.703650000000000000e+04,7.523768458054974628e-01
5.703950000000000000e+04,7.070788976284166916e-01
5.704250000000000000e+04,6.056618360851270255e-01
5.704550000000000000e+04,1.165490938731006176e+00
5.704850000000000000e+04,1.114324062153463579e+00
5.705150000000000000e+04,9.931423732662344461e-01
5.705450000000000000e+04,1.014156067232097946e+00
5.705750000000000000e+04,8.465006657563513004e-01
5.706050000000000000e+04,5.878893112768173168e-01
5.706350000000000000e+04,6.049688108010340404e-01
5.706650000000000000e+04,5.349822238274759556e-01
5.706950000000000000e+04,3.061919689688807344e-01
5.707250000000000000e+04,2.421657677436462874e-01
5.707550000000000000e+04,1.787716641102984616e-01
5.707850000000000000e+04,1.760961993470903930e-01
5.708150000000000000e+04,3.410549649754969770e-01
5.708450000000000000e+04,5.579774280003220177e-01
5.708750000000000000e+04,4.297630067358623740e-01
5.709050000000000000e+04,3.513327717352322521e-01
5.709350000000000000e+04,4.968566598738106688e-01
5.709650000000000000e+04,4.979293221828517968e-01
5.709950000000000000e+04,7.203237802498612119e-01
5.710250000000000000e+04,7.947134378044903302e-01
5.710550000000000000e+04,5.759092498954451189e-01
5.710850000000000000e+04,5.500296824180395117e-01
5.711150000000000000e+04,2.763371448863817248e-01
5.711450000000000000e+04,2.295458547825957318e-01
5.711750000000000000e+04,4.679440173862210450e-01
5.712050000000000000e+04,3.954971526405332005e-01
5.712350000000000000e+04,4.808671225619005618e-01
5.712650000000000000e+04,4.373834026071558578e-01
5.712950000000000000e+04,1.860652798353878146e-01
5.713250000000000000e+04,5.458609640069413960e-01
5.713550000000000000e+04,7.119013787186830866e-01
5.713850000000000000e+04,8.703585834948607269e-01
5.714150000000000000e+04,7.473688622943702731e-01
5.714450000000000000e+04,9.346634222654963686e-01
5.714750000000000000e+04,9.547610968584889779e-01
5.715050000000000000e+04,1.154342594905076735e+00
5.715350000000000000e+04,1.168466898376839369e+00
5.715650000000000000e+04,1.026469583242185735e+00
5.715950000000000000e+04,1.126449525201535851e+00
5.716250000000000000e+04,6.126695282611185345e-01
5.716550000000000000e+04,7.573584350922629715e-01
5.716850000000000000e+04,5.871644309487700220e-01
5.717150000000000000e+04,7.641383142170621312e-01
5.717450000000000000e+04,9.068041110113603809e-01
5.717750000000000000e+04,8.013721605817597515e-01
5.718050000000000000e+04,4.717565439336027788e-01
5.718350000000000000e+04,3.464129861009980216e-01
5.718650000000000000e+04,6.865807493100920533e-01
5.718950000000000000e+04,6.434329456142220405e-01
5.719250000000000000e+04,3.505071005249091876e-01
5.719550000000000000e+04,2.284161938826656801e-01
5.719850000000000000e+04,2.226012441218315485e-01
5.720150000000000000e+04,4.075284841583598494e-01
5.720450000000000000e+04,7.091989332400475687e-01
5.720750000000000000e+04,3.318151677618377260e-01
5.721050000000000000e+04,1.287771591694651663e-01
5.721350000000000000e+04,1.295471955532001840e-01
5.721650000000000000e+04,1.034958250399993784e-01
5.721950000000000000e+04,4.228418187610166190e-01
5.722250000000000000e+04,6.402992902608427572e-01
5.722550000000000000e+04,4.463362905962360294e-01
5.722850000000000000e+04,2.768728686343241985e-01
5.723150000000000000e+04,3.026507748358502892e-01
5.723450000000000000e+04,2.687405279449117113e-01
5.723750000000000000e+04,1.453443721376144193e-01
5.724050000000000000e+04,1.153692207794746044e-01
5.724350000000000000e+04,1.019423031556996179e-01
5.724650000000000000e+04,1.910706754646992189e-01
5.724950000000000000e+04,2.653245595144819169e-01
5.725250000000000000e+04,1.187308166987159075e-01
5.725550000000000000e+04,3.290850253165502060e-01
5.725850000000000000e+04,1.214113158775778772e-01
5.726150000000000000e+04,1.045343562737348769e-01
5.726450000000000000e+04,8.842219888849063569e-02
5.726750000000000000e+04,9.285251473196554084e-02
5.727050000000000000e+04,8.323298317163033144e-02
5.727350000000000000e+04,2.909569173578442358e-01
5.727650000000000000e+04,3.635971900657694045e-01
5.727950000000000000e+04,2.231607884911214201e-01
5.728250000000000000e+04,1.343589741890900136e-01
5.728550000000000000e+04,1.628011357784494850e-01
5.728850000000000000e+04,1.665051497345739762e-01
5.729150000000000000e+04,1.648518901116863000e-01
5.729450000000000000e+04,1.519051256820346529e-01
5.729750000000000000e+04,1.618716779491881363e-01
5.730050000000000000e+04,1.309436021192058042e-01
5.730350000000000000e+04,3.206391043871201219e-01
5.730650000000000000e+04,4.198023892142749847e-01
5.730950000000000000e+04,2.383696105175571456e-01
5.731250000000000000e+04,4.474215923537718242e-01
5.731550000000000000e+04,3.311165609666010257e-01
5.731850000000000000e+04,1.529279226326164809e-01
5.732150000000000000e+04,2.063393831197344874e-01
5.732450000000000000e+04,3.087627602808695748e-01
5.732750000000000000e+04,2.324263372827216900e-01
5.733050000000000000e+04,2.175585959038507100e-01
5.733350000000000000e+04,1.250007311100576890e-01
5.733650000000000000e+04,3.225088186094394738e-01
5.733950000000000000e+04,1.940946254729117026e-01
5.734250000000000000e+04,1.295385447309371496e-01
5.734550000000000000e+04,1.559927342570801290e-01
5.734850000000000000e+04,2.217981288879372348e-01
5.735450000000000000e+04,3.312091347118565898e-01
5.735750000000000000e+04,1.964664898840357554e-01
5.736050000000000000e+04,2.896296449450929678e-01
5.736350000000000000e+04,2.959130777677883573e-01
5.736650000000000000e+04,1.936191457793555448e-01
5.736950000000000000e+04,1.234671935974295670e-01
5.737250000000000000e+04,1.215813178537867301e-01
5.737550000000000000e+04,2.082656362472499467e-01
5.737850000000000000e+04,1.119699363357403582e-01
5.738150000000000000e+04,4.124064051020424060e-01
5.738450000000000000e+04,4.786247773664539795e-01
5.738750000000000000e+04,3.006153258725722810e-01
5.739050000000000000e+04,2.544402616084583957e-01
5.739350000000000000e+04,3.235558086064037053e-01
5.739650000000000000e+04,1.773124043670094019e-01
5.739950000000000000e+04,3.314666716751598630e-01
5.740250000000000000e+04,2.349186959035929889e-01
5.740550000000000000e+04,2.963700163581705627e-01
5.740850000000000000e+04,3.363326244236995999e-01
5.741150000000000000e+04,3.640756404727125695e-01
5.741450000000000000e+04,4.234386740721963749e-01
5.741750000000000000e+04,5.019295937877350511e-01
5.742050000000000000e+04,6.885543629049101222e-01
5.742350000000000000e+04,7.789589454878997898e-01
5.742650000000000000e+04,8.878389842542128152e-01
5.742950000000000000e+04,6.411104979614222765e-01
5.743250000000000000e+04,7.449184041631232711e-01
5.743550000000000000e+04,7.464628164296017721e-01
5.743850000000000000e+04,8.805060846399083152e-01
5.744150000000000000e+04,8.379752235210751188e-01
5.744450000000000000e+04,8.626147123968146424e-01
5.744750000000000000e+04,7.169548630931190658e-01
5.745050000000000000e+04,6.747672858546819308e-01
5.745350000000000000e+04,1.026495327770625909e+00
5.745650000000000000e+04,1.002758920344336113e+00
5.745950000000000000e+04,8.271112921207782742e-01
5.746250000000000000e+04,1.095481984696785371e+00
5.746550000000000000e+04,7.080848755914647130e-01
5.746850000000000000e+04,3.458453559288436341e-01
5.747150000000000000e+04,4.581475817179427867e-01
5.747450000000000000e+04,4.576774529867302932e-01
5.747750000000000000e+04,3.996371785913902519e-01
5.748050000000000000e+04,4.480888488039366790e-01
5.748350000000000000e+04,4.694523513858211983e-01
5.748650000000000000e+04,8.820312456532951595e-01
5.748950000000000000e+04,1.101587650265661189e+00
5.749250000000000000e+04,8.899281359921540346e-01
5.749550000000000000e+04,7.099654698800896835e-01
5.749850000000000000e+04,7.356893230568967157e-01
5.750150000000000000e+04,5.673027122426869129e-01
5.750450000000000000e+04,5.042410871856914945e-01
5.750750000000000000e+04,7.886632468980295796e-01
5.751050000000000000e+04,8.851235999770745710e-01
5.751350000000000000e+04,1.302919493011603702e+00
5.751650000000000000e+04,1.167481341935622918e+00
5.751950000000000000e+04,8.749380259937308280e-01
5.752250000000000000e+04,9.764298284444591358e-01
5.752550000000000000e+04,1.136776913287083302e+00
5.752850000000000000e+04,1.251944716142805003e+00
5.753150000000000000e+04,1.353596492836862009e+00
5.753450000000000000e+04,1.070092502636335929e+00
5.753750000000000000e+04,9.769401542257398763e-01
5.754050000000000000e+04,9.648761720337373227e-01
5.754350000000000000e+04,1.056371135810604933e+00
5.754650000000000000e+04,9.609044807310198610e-01
5.754950000000000000e+04,1.383593380475697243e+00
5.755250000000000000e+04,1.154450469953103520e+00
5.755550000000000000e+04,8.409172118283418929e-01
5.755850000000000000e+04,1.138197652959356265e+00
5.756150000000000000e+04,8.247626675869289548e-01
5.756450000000000000e+04,6.156853437344883551e-01
5.756750000000000000e+04,6.353800651836172264e-01
5.757050000000000000e+04,6.613371364298806787e-01
5.757350000000000000e+04,5.848408792119152988e-01
5.757650000000000000e+04,3.380846922896865170e-01
5.757950000000000000e+04,4.116235429914807953e-01
5.758250000000000000e+04,5.802085157779374169e-01
5.758550000000000000e+04,7.455493455647564938e-01
5.758850000000000000e+04,3.613926764353521670e-01
5.759450000000000000e+04,6.163552085472380204e-01
5.759750000000000000e+04,6.409073324028297103e-01
5.760050000000000000e+04,4.904980290658715880e-01
5.760950000000000000e+04,4.568407091501873185e-01
5.761250000000000000e+04,5.425512773564896696e-01
5.761550000000000000e+04,1.055856022506546088e+00
5.761850000000000000e+04,9.990186140558734440e-01
5.762150000000000000e+04,7.735985866439278880e-01
5.762450000000000000e+04,7.484225504313010147e-01
5.762750000000000000e+04,6.977462552237316817e-01
5.763050000000000000e+04,5.786775386704340329e-01
5.763350000000000000e+04,8.084553531763327694e-01
5.763950000000000000e+04,6.380696083078494230e-01
5.764250000000000000e+04,5.812201655474810158e-01
5.764550000000000000e+04,7.616091753709399725e-01
5.764850000000000000e+04,7.268266771352829281e-01
5.765150000000000000e+04,5.575662542915243991e-01
5.765450000000000000e+04,9.645950370444847932e-01
5.765750000000000000e+04,3.439047425912244993e-01
5.766050000000000000e+04,7.425725616926368566e-01
5.766350000000000000e+04,6.230853776497623508e-01
5.766650000000000000e+04,1.050987324011509294e+00
5.766950000000000000e+04,9.618513618153222700e-01
5.767250000000000000e+04,9.995100422577571919e-01
5.767550000000000000e+04,7.481322434463860693e-01
5.767850000000000000e+04,1.080572854683273798e+00
5.768150000000000000e+04,1.055360481478341717e+00
5.768450000000000000e+04,9.164078540643333382e-01
5.768750000000000000e+04,5.364948520427540446e-01
5.769050000000000000e+04,4.559124549439736440e-01
5.769350000000000000e+04,6.331937979248375425e-01
5.769650000000000000e+04,4.965461719078677616e-01
5.769950000000000000e+04,7.557170572266385111e-01
5.770250000000000000e+04,5.408343407297357963e-01
5.770550000000000000e+04,4.285474910714230368e-01
5.770850000000000000e+04,5.401160132810042258e-01
5.771150000000000000e+04,3.390817410044766889e-01
5.771450000000000000e+04,5.566350914478611633e-01
5.771750000000000000e+04,4.621757560748679383e-01
5.772050000000000000e+04,4.706625954164276870e-01
5.772350000000000000e+04,5.207964434899993167e-01
5.772650000000000000e+04,5.795052203721288153e-01
5.772950000000000000e+04,9.254780584650786901e-01
5.773250000000000000e+04,3.848225194369377378e-01
5.773550000000000000e+04,5.020657598602730198e-01
5.773850000000000000e+04,5.477033086450185939e-01
5.774150000000000000e+04,4.679062238576790489e-01
5.774450000000000000e+04,2.208773046544927898e-01
5.774750000000000000e+04,2.891879111080163378e-01
5.775050000000000000e+04,3.327918278096325122e-01
5.775350000000000000e+04,3.045330478867541157e-01
5.775650000000000000e+04,2.198000711439414279e-01
5.775950000000000000e+04,4.143910188010416218e-01
5.776250000000000000e+04,4.594401608338902765e-01
5.776550000000000000e+04,2.818410504366065106e-01
5.776850000000000000e+04,2.217919285449565514e-01
5.777150000000000000e+04,1.085941904623934640e-01
5.777450000000000000e+04,1.811194509764277594e-01
5.777750000000000000e+04,3.905365634862786872e-01
5.778050000000000000e+04,2.723983642405547467e-01
5.778350000000000000e+04,1.696308402101000534e-01
5.778650000000000000e+04,2.287083864455797810e-01
5.778950000000000000e+04,3.284172460211706723e-02
5.779250000000000000e+04,2.631636018932010934e-01
5.779550000000000000e+04,1.211132679665440637e-01
5.779850000000000000e+04,1.052064234421935390e-01
5.780150000000000000e+04,6.884333091647935887e-02
5.780450000000000000e+04,1.225318968099280981e-01
5.780750000000000000e+04,3.378285322735129492e-01
5.781050000000000000e+04,1.914922512372325969e-01
5.781350000000000000e+04,9.292282471330307048e-02
5.781650000000000000e+04,8.380905997746462832e-02
5.781950000000000000e+04,1.626207345735217746e-01
5.782250000000000000e+04,1.756239515092748726e-01
5.782550000000000000e+04,2.800926876487360162e-01
5.782850000000000000e+04,4.003806027975519433e-01
5.783150000000000000e+04,4.810433919230148181e-01
5.783450000000000000e+04,4.868878260458984336e-02
5.783750000000000000e+04,3.776170351473511211e-01
5.784050000000000000e+04,4.774615464443164869e-01
5.784350000000000000e+04,6.130155212265766540e-01
5.784650000000000000e+04,7.268107581171648901e-01
5.784950000000000000e+04,5.005941941960052599e-01
5.785250000000000000e+04,5.353673715549834844e-01
5.785550000000000000e+04,3.937573649002146792e-01
5.785850000000000000e+04,1.849541604060989664e-01
5.786150000000000000e+04,4.424301247288675021e-01
5.786450000000000000e+04,7.898162213746587890e-01
5.786750000000000000e+04,9.518635195485998235e-01
5.787050000000000000e+04,7.162621675347183858e-01
5.787350000000000000e+04,1.052352545456822774e+00
5.787650000000000000e+04,9.064579669450789634e-01
5.787950000000000000e+04,1.278628417636662018e+00
5.788550000000000000e+04,1.049227653660206094e+00
5.788850000000000000e+04,1.095193155958163800e+00
5.789150000000000000e+04,9.097584766336525020e-01
5.789450000000000000e+04,9.480054756334266308e-01
5.789750000000000000e+04,7.544966320258778003e-01
5.790050000000000000e+04,9.800648526504885938e-01
5.790350000000000000e+04,4.146343198083012327e-01
5.790650000000000000e+04,4.033066238917609736e-01
5.790950000000000000e+04,3.270127636832767526e-01
5.791250000000000000e+04,5.999169962424806268e-01
5.791550000000000000e+04,9.516612902112009387e-01
5.791850000000000000e+04,6.630063547966480453e-01
5.792150000000000000e+04,3.745846921641585170e-01
5.792450000000000000e+04,5.146144533356112882e-01
5.792750000000000000e+04,1.199948744703952519e-01
5.793050000000000000e+04,2.279477724185481891e-01
5.793350000000000000e+04,3.600956896690061249e-01
5.793650000000000000e+04,2.701681939525990561e-01
5.793950000000000000e+04,6.749880408292822098e-01
5.794250000000000000e+04,6.115370591334747807e-01
5.794550000000000000e+04,4.353546114185739141e-02
5.794850000000000000e+04,4.797878870612639624e-01
5.795150000000000000e+04,8.227452897975578994e-01
5.795450000000000000e+04,3.185485746635212112e-01
5.795750000000000000e+04,1.741801553845396533e-01
5.796050000000000000e+04,3.107993226315996504e-01
5.796350000000000000e+04,5.990122881628607843e-01
5.796650000000000000e+04,3.305978978864214102e-01
5.796950000000000000e+04,4.004337235183088595e-01
5.797250000000000000e+04,6.030433768269674033e-01
5.797550000000000000e+04,3.630233534838817611e-01
5.797850000000000000e+04,3.262469035541696316e-01
5.798150000000000000e+04,2.525158381884443637e-01
5.798450000000000000e+04,2.864344021109264116e-01
5.798750000000000000e+04,3.266376809162556127e-01
5.799050000000000000e+04,2.768424207721590369e-01
5.799350000000000000e+04,1.030165585122360811e-01
5.799650000000000000e+04,1.274395812562952035e-01
5.799950000000000000e+04,2.266473001462889492e-01
5.800250000000000000e+04,3.685287570591690987e-01
5.800550000000000000e+04,5.106934321546899858e-01
5.800850000000000000e+04,2.659965451091071964e-01
5.801150000000000000e+04,3.748071147883466070e-01
5.801450000000000000e+04,3.284572667018105796e-01
5.801750000000000000e+04,2.367361946303259967e-01
5.802050000000000000e+04,2.215634750766472261e-01
5.802350000000000000e+04,1.196202576127142897e-01
5.802650000000000000e+04,1.632109432314940156e-01
5.802950000000000000e+04,1.867995604025347867e-01
5.803250000000000000e+04,3.392713548545779889e-01
5.803550000000000000e+04,3.721508120778513895e-01
5.803850000000000000e+04,3.818033858356369437e-01
5.804150000000000000e+04,2.808042358385712256e-01
5.804450000000000000e+04,3.775476724329953626e-01
5.804750000000000000e+04,3.678606334297941372e-01
5.805050000000000000e+04,2.931625725174178410e-01
5.805350000000000000e+04,3.305357714638566535e-01
5.805650000000000000e+04,3.690455929104015653e-01
5.805950000000000000e+04,2.223662109162694300e-01
5.806250000000000000e+04,3.060138940231082461e-01
5.806550000000000000e+04,2.815559153862716157e-01
5.806850000000000000e+04,2.993017185365078880e-01
5.807150000000000000e+04,1.607451318341701629e-01
5.807450000000000000e+04,1.113703677732147679e-01
5.807750000000000000e+04,1.547593416451157611e-01
5.808050000000000000e+04,2.063379625163370701e-01
5.808350000000000000e+04,4.588137170476502269e-01
5.808650000000000000e+04,2.060109605458274318e-01
5.808950000000000000e+04,2.772647339226579910e-01
5.809250000000000000e+04,3.302040206769144004e-01
5.809550000000000000e+04,4.192275235440173220e-01
5.809850000000000000e+04,2.039739660739606497e-01
5.810150000000000000e+04,4.680003829072889587e-01
5.810450000000000000e+04,3.487551754260684311e-01
5.810750000000000000e+04,3.988829976109857789e-01
5.811050000000000000e+04,3.660823824649778180e-01
5.811350000000000000e+04,2.229561777902098474e-01
5.811650000000000000e+04,4.433848193498628465e-01
5.811950000000000000e+04,6.811303403676750579e-01
5.812250000000000000e+04,5.333825344084522913e-01
5.812550000000000000e+04,5.326714686443887459e-01
5.812850000000000000e+04,3.453664218834503474e-01
5.813150000000000000e+04,4.738736985432805415e-01
5.813450000000000000e+04,3.495717163277416439e-01
5.813750000000000000e+04,4.331083883948030344e-01
5.814050000000000000e+04,4.144766964825444266e-01
5.814350000000000000e+04,3.710173909514804524e-01
5.814650000000000000e+04,3.700440641017745391e-01
5.814950000000000000e+04,4.621221105086841252e-01
5.815250000000000000e+04,4.169385468168921860e-01
5.815550000000000000e+04,4.809315675646274602e-01
5.815850000000000000e+04,4.160369583630985080e-01
5.816150000000000000e+04,6.663659842177738213e-01
5.816450000000000000e+04,4.945842288004579923e-01
5.816750000000000000e+04,6.096663164340353491e-01
5.817050000000000000e+04,7.094581508858857077e-01
5.817350000000000000e+04,8.375996886485304049e-01
5.817650000000000000e+04,6.411952806462495325e-01
5.817950000000000000e+04,5.109228473571498785e-01
5.818250000000000000e+04,4.399941561765897124e-01
5.818550000000000000e+04,5.793856034788765763e-01
5.818850000000000000e+04,4.198347494564047544e-01
5.819150000000000000e+04,5.379118906519680943e-01
5.819450000000000000e+04,5.111683778570818015e-01
5.823950000000000000e+04,4.577756640801600163e-01
5.824250000000000000e+04,5.627823615329755613e-01
5.824550000000000000e+04,4.059009617957110572e-01
5.824850000000000000e+04,2.463318625167996712e-01
5.825150000000000000e+04,3.944800882799213704e-01
5.825450000000000000e+04,5.545557182346155800e-01
5.825750000000000000e+04,7.574546489160418616e-01
5.826050000000000000e+04,8.052070235247442698e-01
5.826350000000000000e+04,6.097997461193476187e-01
5.826650000000000000e+04,3.838502313526247489e-01
5.826950000000000000e+04,3.780729180293823100e-01
5.827250000000000000e+04,1.851069908340461090e-01
5.827550000000000000e+04,1.816995747391921268e-01
5.827850000000000000e+04,3.692431752698835945e-01
5.828750000000000000e+04,3.091276724491138772e-01
5.829050000000000000e+04,6.028641784189787689e-01
5.829350000000000000e+04,5.862093568713765412e-01
5.829650000000000000e+04,5.629485774638222084e-01
5.830250000000000000e+04,4.899793181741715076e-01
5.830550000000000000e+04,3.401087570916959679e-01
5.830850000000000000e+04,3.415677894908334400e-01
5.831150000000000000e+04,5.191593984987099564e-01
5.831450000000000000e+04,6.241881111149787387e-01
5.831750000000000000e+04,9.876190330882494983e-01
5.832050000000000000e+04,9.289969775779378658e-01
5.832350000000000000e+04,7.269783291948040960e-01
5.833250000000000000e+04,1.119019030082633481e+00
5.833550000000000000e+04,1.161570621482140853e+00
5.833850000000000000e+04,8.400829544516259517e-01
5.834150000000000000e+04,9.351651027782280634e-01
5.834450000000000000e+04,1.066332292115971470e+00
5.835350000000000000e+04,1.110583489078192931e+00
5.835650000000000000e+04,1.153714116109262999e+00
5.835950000000000000e+04,1.323316520800823515e+00
5.836250000000000000e+04,1.328784940125470326e+00
5.836550000000000000e+04,1.369920260675356216e+00
5.836850000000000000e+04,1.272751083240260872e+00
5.837450000000000000e+04,1.233545985717220184e+00
5.837750000000000000e+04,1.365358823211592076e+00
5.838050000000000000e+04,1.479641482461882651e+00
5.838350000000000000e+04,1.619469988031157381e+00
5.838650000000000000e+04,1.625195901024585554e+00
5.838950000000000000e+04,1.424022203389351704e+00
5.839250000000000000e+04,1.595354350772252072e+00
5.839550000000000000e+04,1.642430086991039984e+00
5.839850000000000000e+04,1.946216111887182798e+00
5.841350000000000000e+04,1.650670201522742131e+00
5.841650000000000000e+04,1.746171897549381402e+00
5.841950000000000000e+04,2.038313574100798942e+00
5.842250000000000000e+04,1.893700601655674998e+00
5.842550000000000000e+04,1.540258283590002053e+00
5.842850000000000000e+04,1.635753326417635156e+00
5.843150000000000000e+04,1.484346621960315860e+00
5.843450000000000000e+04,1.405505243003516425e+00
5.843750000000000000e+04,1.386449807285956348e+00
5.844050000000000000e+04,1.427151363822678487e+00
5.844350000000000000e+04,7.998049646381337752e-01
5.844650000000000000e+04,9.533142583541563964e-01
5.844950000000000000e+04,1.524205453470842908e+00
5.845250000000000000e+04,1.382911911732590093e+00
5.845550000000000000e+04,1.725208353855482768e+00
5.845850000000000000e+04,2.361553383634520387e+00
5.846150000000000000e+04,6.095567468404726519e+00
5.846450000000000000e+04,2.371157364522542998e+00
5.846750000000000000e+04,1.714408985767283289e+00
5.847050000000000000e+04,1.314562216787207527e+00
5.847350000000000000e+04,1.673807079479345150e+00
5.847650000000000000e+04,1.592967488648808327e+00
5.847950000000000000e+04,1.556808408763967977e+00
5.848250000000000000e+04,2.029367648664179402e+00
5.848550000000000000e+04,2.071779842250945691e+00
5.848850000000000000e+04,2.184806223319139207e+00
5.849150000000000000e+04,2.141689590698842238e+00
5.849450000000000000e+04,2.140978700536974255e+00
5.849750000000000000e+04,2.482377179575796067e+00
5.850050000000000000e+04,2.469375449958596480e+00
5.850350000000000000e+04,2.550974253575671202e+00
5.850650000000000000e+04,5.276415458399268843e+00
5.850950000000000000e+04,3.025641957868148602e+00
5.851250000000000000e+04,2.793411236043315427e+00
5.851550000000000000e+04,2.353772809608317029e+00
5.851850000000000000e+04,2.349813658468149935e+00
5.852150000000000000e+04,2.203337304193559554e+00
5.852450000000000000e+04,1.899568597372489176e+00
5.852750000000000000e+04,1.625536599437809038e+00
5.853050000000000000e+04,1.610005610072106075e+00
5.853350000000000000e+04,1.578964032226240599e+00
5.853650000000000000e+04,1.624293490783197402e+00
5.853950000000000000e+04,1.521511327312052408e+00
5.854250000000000000e+04,1.684416724983793801e+00
5.854550000000000000e+04,1.884785823956749651e+00
5.854850000000000000e+04,1.617730200242442740e+00
5.855150000000000000e+04,1.373330471489803140e+00
5.855450000000000000e+04,1.242002483960773951e+00
5.855750000000000000e+04,1.378164271238178307e+00
5.856050000000000000e+04,1.419654959667056238e+00
5.856350000000000000e+04,1.010209445411859974e+00
5.856650000000000000e+04,1.043126038512258935e+00
5.856950000000000000e+04,1.051738938783940203e+00
5.857250000000000000e+04,4.600709103108524545e-01
5.857550000000000000e+04,1.054417053701898865e+00
5.857850000000000000e+04,1.476385334170353225e+00
5.858150000000000000e+04,1.313497055115999013e+00
5.858450000000000000e+04,1.056266158117891818e+00
5.858750000000000000e+04,6.966947601268856927e-01
5.859050000000000000e+04,5.243447001449277334e-01
5.859350000000000000e+04,6.303830466205807559e-01
5.859650000000000000e+04,6.911173649419793952e-01
5.859950000000000000e+04,5.606719308061226537e-01
5.860250000000000000e+04,8.356357484916354661e-01
5.860550000000000000e+04,1.292822449832995879e+00
5.860850000000000000e+04,1.135516502922905069e+00
5.861150000000000000e+04,1.712482078308795952e+00
5.861450000000000000e+04,2.283649939569657672e+00
5.861750000000000000e+04,6.411547503096130640e+00
5.862050000000000000e+04,2.381866889176413427e+00
5.862350000000000000e+04,1.326381490639455096e+00
5.862650000000000000e+04,9.891695973875320735e-01
5.862950000000000000e+04,1.065902654590022314e+00
5.863250000000000000e+04,1.212591172284337215e+00
5.863550000000000000e+04,9.658856740300791888e-01
5.863850000000000000e+04,1.227074635524562529e+00
5.864150000000000000e+04,1.102389107195959284e+00
5.864450000000000000e+04,1.035892199020814752e+00
5.864750000000000000e+04,7.980296586340001053e-01
5.865050000000000000e+04,1.040673510685376613e+00
5.865350000000000000e+04,9.998570701807207861e-01
5.865650000000000000e+04,8.761006055844074991e-01
5.865950000000000000e+04,6.726440772222418429e-01
5.866250000000000000e+04,6.861897996354394680e-01
5.866550000000000000e+04,6.566253968088051618e-01
5.866850000000000000e+04,6.643180101054643183e-01
5.867150000000000000e+04,5.214080074068634385e-01
5.867450000000000000e+04,8.494056477806047889e-01
5.867750000000000000e+04,6.427911152900421810e-01
5.868050000000000000e+04,4.782321543464338465e-01
5.868350000000000000e+04,6.533478126851967049e-01
5.868650000000000000e+04,7.804747332420516326e-01
5.868950000000000000e+04,7.332361823227857567e-01
5.869250000000000000e+04,5.659881239286774779e-01
5.869550000000000000e+04,6.310556956022913555e-01
5.869850000000000000e+04,3.589277686188574457e-01
5.870150000000000000e+04,5.865700692794562077e-01
5.870450000000000000e+04,4.668816710183251173e-01
5.870750000000000000e+04,4.228662603204994541e-01
5.871050000000000000e+04,6.263523832702416749e-01
5.871350000000000000e+04,7.792571329537757441e-01
5.871650000000000000e+04,6.706415170464999909e-01
5.871950000000000000e+04,6.324174586370017170e-01
5.872250000000000000e+04,8.039132752873695553e-01
5.872550000000000000e+04,5.941321491726395676e-01
5.872850000000000000e+04,3.440780068315174023e-01
5.873150000000000000e+04,3.520699526427119030e-01
5.873450000000000000e+04,4.020858602104540602e-01
5.873750000000000000e+04,9.073253232608310404e-01
5.874050000000000000e+04,6.563088294960596203e-01
5.874350000000000000e+04,5.785444502402949940e-01
5.874650000000000000e+04,9.920786510267276537e-01
5.874950000000000000e+04,8.007085813736400937e-01
5.875250000000000000e+04,9.026771711228356310e-01
5.875550000000000000e+04,1.057333963676602373e+00
5.875850000000000000e+04,9.124669504408462473e-01
5.876150000000000000e+04,6.559834523614219703e-01
5.876450000000000000e+04,9.577624321980862110e-01
5.876750000000000000e+04,1.035039718069614256e+00
5.877050000000000000e+04,9.856226041911462232e-01
5.877350000000000000e+04,5.795314730120155744e-01
5.877650000000000000e+04,6.144844024401249216e-01
5.877950000000000000e+04,6.721193921648102032e-01
5.878250000000000000e+04,7.067219819004346704e-01
5.878550000000000000e+04,6.721494542315381571e-01
5.878850000000000000e+04,9.417423456113582780e-01
5.879150000000000000e+04,9.409266188731331138e-01
5.879450000000000000e+04,7.455692568529038722e-01
5.879750000000000000e+04,5.458936471297353155e-01
5.880050000000000000e+04,4.037012958396596907e-01
5.880350000000000000e+04,5.745955722262233722e-01
5.880650000000000000e+04,3.724644046679945197e-01
5.880950000000000000e+04,6.723359379362923161e-01
5.881250000000000000e+04,7.870574357557639233e-01
5.881550000000000000e+04,6.932607827350117935e-01
5.881850000000000000e+04,6.303334094587921266e-01
5.882150000000000000e+04,6.681242733686493240e-01
5.882450000000000000e+04,7.777716766015178029e-01
5.882750000000000000e+04,9.752341246338828151e-01
5.883050000000000000e+04,7.736529745018857485e-01
5.883350000000000000e+04,9.033578248112164033e-01
5.883650000000000000e+04,8.450451779411519704e-01
5.883950000000000000e+04,6.695837588772608484e-01
5.884250000000000000e+04,8.391427914144199418e-01
5.884550000000000000e+04,1.122852518506776809e+00
5.884850000000000000e+04,6.051611588419144594e-01
5.885150000000000000e+04,3.167951101415403259e-01
5.885450000000000000e+04,3.126409980530487354e-01
5.885750000000000000e+04,5.345761921664573535e-01
5.886050000000000000e+04,4.424410095210253302e-01
5.886350000000000000e+04,4.453384461272835160e-01
5.886650000000000000e+04,5.060453085818258367e-01
5.886950000000000000e+04,9.161563323748200816e-01
5.887250000000000000e+04,8.316875647312222952e-01
5.887550000000000000e+04,1.021368023053812246e+00
5.887850000000000000e+04,7.166629562159060329e-01
5.888150000000000000e+04,7.420178604743642437e-01
5.888450000000000000e+04,6.728386304208573421e-01
5.888750000000000000e+04,8.747499816199160172e-01
5.889050000000000000e+04,8.186964542837343872e-01
5.889350000000000000e+04,8.696316487616628788e-01
5.889650000000000000e+04,6.514621241570451859e-01
5.889950000000000000e+04,6.400042848746481106e-01
5.890250000000000000e+04,7.157797454026960660e-01
5.890550000000000000e+04,4.766808144141798098e-01
5.890850000000000000e+04,6.238913045804901358e-01
5.891150000000000000e+04,7.216867596132487961e-01
5.891450000000000000e+04,8.823470683743598331e-01
5.891750000000000000e+04,9.566728441196936661e-01
5.892050000000000000e+04,4.619115486166172624e-01
5.892350000000000000e+04,5.296946209728252697e-01
5.892650000000000000e+04,5.971752188249523918e-01
5.892950000000000000e+04,6.745467580451767198e-01
5.893250000000000000e+04,9.584396617221087045e-01
5.893550000000000000e+04,7.596122157175939638e-01
5.893850000000000000e+04,4.086393200211058674e-01
5.894150000000000000e+04,5.257164732210565239e-01
5.894450000000000000e+04,3.227679945891430147e-01
5.894750000000000000e+04,3.713744846153613222e-01
5.895050000000000000e+04,3.309232528488895153e-01
5.895350000000000000e+04,3.089144389106214250e-01
5.895650000000000000e+04,2.517156284270286037e-01
5.895950000000000000e+04,2.640903704950914310e-01
5.896250000000000000e+04,1.504070392101993781e-01
5.896550000000000000e+04,1.399003168948812492e-01
5.896850000000000000e+04,2.524404735095119867e-01
5.897150000000000000e+04,2.313502479602089490e-01
5.897450000000000000e+04,1.319984304601320435e-01
5.897750000000000000e+04,2.337540247935970261e-01
5.898050000000000000e+04,2.525288106300944135e-01
5.898350000000000000e+04,3.381017014285532252e-01
5.898650000000000000e+04,3.843021547305659480e-01
5.898950000000000000e+04,2.305029711013091009e-01
5.899250000000000000e+04,1.890747495979657467e-01
5.899550000000000000e+04,6.992828208351350439e-01
5.899850000000000000e+04,3.077653961868165311e-01
5.900150000000000000e+04,2.549590733464205394e-01
5.900450000000000000e+04,2.417299324270202610e-01
5.900750000000000000e+04,1.648154737276683601e-01
5.901050000000000000e+04,1.914107087034595533e-01
5.901350000000000000e+04,1.991327347491209376e-01
5.901650000000000000e+04,2.794131608881454953e-01
5.901950000000000000e+04,3.108228413138298118e-01
5.902250000000000000e+04,4.973456839544438957e-01
5.902550000000000000e+04,2.907503658169611205e-01
5.902850000000000000e+04,4.147820939552285258e-01
5.903150000000000000e+04,2.643592649426164676e-01
5.903450000000000000e+04,2.394136249238353054e-01
5.903750000000000000e+04,5.298899349808935400e-01
5.904050000000000000e+04,8.525020644159225780e-01
5.904350000000000000e+04,4.155490652877302238e-01
5.904650000000000000e+04,5.855893599076208433e-01
5.904950000000000000e+04,2.734978797579139531e-01
5.905250000000000000e+04,2.111244405797301216e-01
5.905550000000000000e+04,2.411359294196860625e-01
5.905850000000000000e+04,2.090731035788237491e-01
5.906150000000000000e+04,2.799627220663755134e-01
5.906450000000000000e+04,4.176682229119055845e-01
5.906750000000000000e+04,3.924326219547278893e-01
5.907050000000000000e+04,1.921734230228449858e-01
5.907350000000000000e+04,3.616582126275336151e-01
5.907650000000000000e+04,4.055308624128792228e-01
5.907950000000000000e+04,3.490808056249054547e-01
5.908250000000000000e+04,3.573908280934956494e-01
5.908550000000000000e+04,5.819683918904724473e-01
5.908850000000000000e+04,7.011234726802715311e-01
5.909150000000000000e+04,5.865291633179033903e-01
5.909450000000000000e+04,6.191334059378102994e-01
5.909750000000000000e+04,5.267240219866653472e-01
5.910050000000000000e+04,5.287465317612528581e-01
5.910350000000000000e+04,3.323697367322597240e-01
5.910650000000000000e+04,4.895086710816078379e-01
5.910950000000000000e+04,3.586523214697082684e-01
5.911250000000000000e+04,3.131745899700170144e-01
5.911550000000000000e+04,4.341647323355754540e-01
5.911850000000000000e+04,2.783888543259472881e-01
5.912150000000000000e+04,2.487600812938728922e-01
5.912450000000000000e+04,5.195632870039780249e-01
5.912750000000000000e+04,4.337803746699212537e-01
5.913050000000000000e+04,2.346806988223173462e-01
5.913350000000000000e+04,2.134260209215228452e-02
5.913650000000000000e+04,1.141179416923153445e-01
5.913950000000000000e+04,1.287863095766094146e-01
5.914250000000000000e+04,2.742451141528600145e-01
5.914550000000000000e+04,3.841747894005269615e-01
5.914850000000000000e+04,4.174901963954099071e-01
5.915150000000000000e+04,2.505705966464875228e-02
5.915450000000000000e+04,2.720077092453865863e-01
5.915750000000000000e+04,2.062027606570873695e-01
5.916050000000000000e+04,1.757783650575117651e-01
5.916350000000000000e+04,4.122222035280632135e-01
5.916650000000000000e+04,5.483928514979824476e-01
5.916950000000000000e+04,6.137077090680770342e-01
5.917250000000000000e+04,4.599111650583589950e-01
5.917550000000000000e+04,2.710019022708760050e-01
5.917850000000000000e+04,8.115886750956968765e-02
5.918150000000000000e+04,1.312351411432591264e-01
5.918450000000000000e+04,2.586258857380130949e-01
5.918750000000000000e+04,2.893649649186749717e-01
5.919050000000000000e+04,3.256564221880980936e-01
5.919350000000000000e+04,1.868432091708881193e-01
5.919650000000000000e+04,2.437988227793623508e-01
5.919950000000000000e+04,3.791407228967531018e-01
5.920250000000000000e+04,2.146765345064814146e-01
5.920550000000000000e+04,3.570313915664424242e-01
5.920850000000000000e+04,2.903904606111114561e-01
5.921150000000000000e+04,3.244795725019448129e-01
5.921450000000000000e+04,2.351362301284067313e-01
5.921750000000000000e+04,1.968853001497629374e-01
5.922050000000000000e+04,6.430891449656836456e-02
5.922350000000000000e+04,2.765298500680188343e-01
5.922650000000000000e+04,2.606409492845239706e-01
5.922950000000000000e+04,1.053226860476740856e-01
5.923250000000000000e+04,2.635775374081175682e-01
5.923550000000000000e+04,1.294774833478864462e-01
5.923850000000000000e+04,3.012488165135794316e-01
5.924150000000000000e+04,3.116370249448506824e-01
5.924450000000000000e+04,1.162188786835526705e-01
5.924750000000000000e+04,1.191265421860146084e-01
5.925050000000000000e+04,1.189759191387334547e-01
5.925350000000000000e+04,2.291327966559014995e-01
5.925650000000000000e+04,3.236914637571607911e-01
5.925950000000000000e+04,1.881847080494252755e-01
5.926250000000000000e+04,3.584488767008552762e-02
5.926550000000000000e+04,8.568310543677561120e-02
5.926850000000000000e+04,1.541240211652256942e-01
5.927150000000000000e+04,3.247268506384013986e-01
5.927450000000000000e+04,2.371073893826545209e-01
5.927750000000000000e+04,4.085223802515033920e-01
5.928050000000000000e+04,3.541664451662779878e-01
5.928350000000000000e+04,2.643133345280107571e-01
5.928650000000000000e+04,1.945026199353777907e-01
5.928950000000000000e+04,2.043931515953871167e-02
5.929250000000000000e+04,1.033779595579463056e-01
5.929550000000000000e+04,1.038186866718892737e-01
5.929850000000000000e+04,1.309064715698719794e-01
5.930150000000000000e+04,2.517383747094265045e-01
5.930450000000000000e+04,1.743646903323330388e-01
5.930750000000000000e+04,2.001153572571721245e-02
5.931050000000000000e+04,5.453246613764722861e-01
5.931350000000000000e+04,6.024158345552159677e-01
5.931650000000000000e+04,4.751069555028171187e-01
5.931950000000000000e+04,4.759573549366301615e-01
5.932250000000000000e+04,3.122679243483139633e-01
5.932550000000000000e+04,5.864323167925798996e-01
5.932850000000000000e+04,6.255282717859173003e-01
5.933150000000000000e+04,6.150540765273319055e-01
5.933450000000000000e+04,8.095480757363076041e-01
5.933750000000000000e+04,6.698245369097156621e-01
5.934050000000000000e+04,6.148166190636829009e-01
5.934350000000000000e+04,8.095989963603602568e-01
5.934650000000000000e+04,8.764802711541237468e-01
5.934950000000000000e+04,7.317285949199704431e-01
5.935250000000000000e+04,8.049688810759512148e-01
5.935550000000000000e+04,4.520617833680936615e-01
5.935850000000000000e+04,4.148335535192590462e-01
5.936150000000000000e+04,4.080549755576047821e-01
5.936450000000000000e+04,5.978066272741154874e-01
5.936750000000000000e+04,5.628647150459883397e-01
5.937050000000000000e+04,5.268935770991935996e-01
5.937350000000000000e+04,7.175933228194044666e-01
5.937650000000000000e+04,4.975221772414821775e-01
5.937950000000000000e+04,3.418697993588435957e-01
5.938250000000000000e+04,5.579782341822863145e-01
5.938550000000000000e+04,6.767036664505600152e-01
5.938850000000000000e+04,5.668530850595727699e-01
5.939150000000000000e+04,4.609920426401143967e-01
5.939450000000000000e+04,7.506855547119170025e-01
5.939750000000000000e+04,1.095699961588397997e+00
5.940050000000000000e+04,1.083004372776806390e+00
5.940350000000000000e+04,1.011503905491471178e+00
5.940650000000000000e+04,7.495651579141618948e-01
5.940950000000000000e+04,5.064884133172304903e-01
5.941250000000000000e+04,8.704168035266702796e-01
5.941550000000000000e+04,9.605913441235282013e-01
5.941850000000000000e+04,1.117960006925730942e+00
5.942150000000000000e+04,6.565327960362367099e-01
5.942450000000000000e+04,4.708498559442059195e-01
5.942750000000000000e+04,3.211682020730191045e-01
5.943050000000000000e+04,6.440797445246809749e-01
5.943350000000000000e+04,7.753046045446894130e-01
5.943650000000000000e+04,5.470148363043164652e-01
5.943950000000000000e+04,3.205931539670378583e-01
5.944250000000000000e+04,5.172489704108258479e-01
5.944550000000000000e+04,6.753172064707972932e-01
5.944850000000000000e+04,5.702193203490437678e-01
5.945150000000000000e+04,4.623017560373607893e-01
5.945450000000000000e+04,5.589097516643251051e-01
5.945750000000000000e+04,5.995163752916605748e-01
5.946050000000000000e+04,2.364202491486258051e-01
5.946350000000000000e+04,6.385365986003601613e-01
5.946650000000000000e+04,3.077045234700975240e-01
5.946950000000000000e+04,2.375924304087485561e-01
5.947250000000000000e+04,2.274829401174124077e-01
5.947550000000000000e+04,1.432908984111353201e-01
5.947850000000000000e+04,8.316394313629017765e-02
5.948150000000000000e+04,1.489759842371242426e-01
5.948450000000000000e+04,2.591932687563477944e-01
5.948750000000000000e+04,7.463825973328550578e-01
5.949050000000000000e+04,8.348484113068367352e-01
5.949350000000000000e+04,5.622379235083799776e-01
5.949650000000000000e+04,4.740243635086336393e-01
5.949950000000000000e+04,4.995225883673013456e-01
5.950250000000000000e+04,3.789162083152851079e-01
5.950550000000000000e+04,3.732591789785027481e-01
5.950850000000000000e+04,1.456470468402107366e-01
5.951150000000000000e+04,1.401921121613684262e-01
5.951450000000000000e+04,1.995498050688359892e-01
5.951750000000000000e+04,2.410214299103881630e-01
5.952050000000000000e+04,2.676842325832599068e-01
5.952350000000000000e+04,6.421915930991600741e-01
5.952650000000000000e+04,4.751730701833642989e-01
5.952950000000000000e+04,5.612324136324645663e-01
5.953250000000000000e+04,4.412029280120381980e-01
5.953550000000000000e+04,2.354869840512229251e-01
5.953850000000000000e+04,3.775341336366138667e-01
5.954150000000000000e+04,2.271637417018480820e-01
5.954450000000000000e+04,1.197894787220862012e-01
5.954750000000000000e+04,2.415684115542911514e-01
5.955050000000000000e+04,3.326366085363958169e-01
5.955350000000000000e+04,1.974796552326172072e-01
5.955650000000000000e+04,1.772355718187700324e-01
5.955950000000000000e+04,1.952210722957959110e-01
5.956250000000000000e+04,3.193763527070689334e-01
5.956550000000000000e+04,3.207061630821124165e-01
5.956850000000000000e+04,4.118166739562151846e-01
5.957150000000000000e+04,7.327857699857872609e-01
5.957450000000000000e+04,4.369845535364197397e-01
5.957750000000000000e+04,5.518887903774208903e-01
5.958050000000000000e+04,3.334356632660415709e-01
5.958350000000000000e+04,4.954638988999274796e-01
5.958650000000000000e+04,3.750914773703786231e-01
5.958950000000000000e+04,4.674945814185613169e-01
5.959250000000000000e+04,6.163466113315491102e-01
5.959550000000000000e+04,2.745993436543252564e-01
5.959850000000000000e+04,3.760977374333371870e-01
5.960150000000000000e+04,3.307349369205814238e-01
5.960450000000000000e+04,2.730622640648333599e-01
5.960750000000000000e+04,3.710016040869401066e-01
5.961050000000000000e+04,4.258010735205838282e-01
5.961350000000000000e+04,5.932597360026187205e-01
5.961650000000000000e+04,4.067065607157231422e-01
5.961950000000000000e+04,5.224211111477758962e-01
5.962250000000000000e+04,7.042576410707724888e-01
5.962550000000000000e+04,9.084449462814945253e-01
5.962850000000000000e+04,3.891274291851206657e-01
5.963150000000000000e+04,6.226930801233013790e-01
5.963450000000000000e+04,3.643577291695609399e-01
5.963750000000000000e+04,2.998760876626822558e-01
5.964050000000000000e+04,2.953690820504006331e-01
5.964350000000000000e+04,2.736216353262022061e-01
5.964650000000000000e+04,2.160246042103632080e-01
5.964950000000000000e+04,1.551919724551492352e-01
5.965250000000000000e+04,3.225624366976226343e-01
5.965550000000000000e+04,4.952772531758649621e-01
5.965850000000000000e+04,2.491060606672583222e-01
5.966150000000000000e+04,3.246195757803503890e-01
5.966450000000000000e+04,1.015892873501188648e-01
5.966750000000000000e+04,1.906232425449377044e-01
5.967050000000000000e+04,1.175265678294951099e-01
5.967350000000000000e+04,1.408125038441908339e-01
5.967650000000000000e+04,5.684370542919303659e-02
5.967950000000000000e+04,7.766730733424530297e-02
5.968250000000000000e+04,8.399968190845462368e-02
5.968550000000000000e+04,1.702909342899076861e-01
5.968850000000000000e+04,1.550246075239231081e-01
5.969150000000000000e+04,1.524685824033442938e-01
5.969450000000000000e+04,1.947035958077988071e-01
5.969750000000000000e+04,1.753702538410402412e-01
5.970050000000000000e+04,1.743103967181795499e-01
5.970350000000000000e+04,1.494423467529510108e-01
5.970650000000000000e+04,6.648657413637107383e-02
5.970950000000000000e+04,1.842062968105987186e-01
5.971250000000000000e+04,3.318440840733112296e-01
5.971550000000000000e+04,5.907469981060678998e-01
5.971850000000000000e+04,3.335773770328377963e-01
5.972150000000000000e+04,2.451578647429990820e-01
5.972450000000000000e+04,3.170993854386871535e-01
5.972750000000000000e+04,3.111778614729014958e-01
5.973050000000000000e+04,4.952261280568684976e-01
5.973350000000000000e+04,5.228983208181313680e-01
5.973650000000000000e+04,3.825262288026560764e-01
5.973950000000000000e+04,4.508069338723484920e-01
5.974250000000000000e+04,4.412680888770884047e-01
5.974550000000000000e+04,2.341744374031303477e-01
5.974850000000000000e+04,2.678826533512519981e-01
5.975150000000000000e+04,2.205943799852902731e-01
5.975450000000000000e+04,1.148900455942431509e-01
5.975750000000000000e+04,1.210308544574233147e-01
5.976050000000000000e+04,9.945492854109963532e-02
5.976350000000000000e+04,1.850802455561543769e-01
5.976650000000000000e+04,1.981887556970314546e-01
5.976950000000000000e+04,2.274177467201451419e-01
5.977250000000000000e+04,5.577553505612228291e-01
5.977550000000000000e+04,2.459491295873095784e-01
5.977850000000000000e+04,2.802574834115683644e-01
5.978150000000000000e+04,1.915060595100135377e-01
5.978450000000000000e+04,1.049551865146314961e-01
5.978750000000000000e+04,1.066296303458606765e-01
5.979050000000000000e+04,8.834068537383842068e-02
5.979350000000000000e+04,7.287546252452746509e-02
5.979650000000000000e+04,5.517731071708292107e-02
5.979950000000000000e+04,1.127768923068500073e-01
5.980250000000000000e+04,2.552522456485372682e-01
5.980550000000000000e+04,4.447743007102291646e-01
5.980850000000000000e+04,2.907517498130114952e-01
5.981150000000000000e+04,3.726036352763358872e-01
5.981450000000000000e+04,5.044671096274278010e-01
5.981750000000000000e+04,2.659401287874159636e-01
5.982050000000000000e+04,2.158983543575550557e-01
5.982350000000000000e+04,2.830907822429069853e-02
5.982650000000000000e+04,4.521694784339488349e-01
5.982950000000000000e+04,9.298649294729190995e-01
5.983250000000000000e+04,5.773523758590611843e-01
5.983550000000000000e+04,5.244115428267566159e-01
5.983850000000000000e+04,6.474665113738661271e-01
5.984150000000000000e+04,8.733640344545108292e-01
5.984450000000000000e+04,5.043829422409347174e-01
5.984750000000000000e+04,3.770071532752094501e-01
5.985050000000000000e+04,2.827206683541788612e-01
5.985350000000000000e+04,2.068961639348555204e-01
5.985650000000000000e+04,4.077145874400430192e-01
5.985950000000000000e+04,5.721209485823465224e-01
5.986250000000000000e+04,3.181581885197645732e-01
5.986550000000000000e+04,9.593037390454382807e-02
5.986850000000000000e+04,5.542161862081305124e-01
5.987150000000000000e+04,2.389290252301101425e-01
5.987450000000000000e+04,3.941377713167026342e-01
5.987750000000000000e+04,3.879732020562273176e-01
5.988050000000000000e+04,2.428557531962712013e-01
5.988350000000000000e+04,1.580227032494370409e-01
5.988650000000000000e+04,2.864998768966000031e-01
5.988950000000000000e+04,3.532514071918002596e-01
5.989250000000000000e+04,2.734405747898853156e-01
5.989550000000000000e+04,2.423143677636017679e-01
5.989850000000000000e+04,2.840058540398638920e-01
5.990150000000000000e+04,7.053498935735199593e-01
5.990450000000000000e+04,3.798386862433302813e-01
5.990750000000000000e+04,4.762583633802193739e-01
5.991050000000000000e+04,3.547737125648033341e-01
5.991350000000000000e+04,4.768265192679855269e-01
5.991650000000000000e+04,3.026700660378146002e-01
5.991950000000000000e+04,3.109470674415875657e-01
5.992250000000000000e+04,2.321720912111368273e-01
5.992550000000000000e+04,4.025198536778099023e-01
5.992850000000000000e+04,3.308832766176837414e-01
5.993150000000000000e+04,1.162021848871379048e-01
5.993450000000000000e+04,3.162827714308035637e-02
5.993750000000000000e+04,2.345744733863996678e-01
5.994050000000000000e+04,2.139657882451741489e-01
5.994350000000000000e+04,1.825829616186292748e-01
5.994650000000000000e+04,1.442619029950381881e-01
5.994950000000000000e+04,2.555295139930773285e-01
5.995250000000000000e+04,2.658406501679202449e-01
5.995550000000000000e+04,1.635922454837768769e-01
5.995850000000000000e+04,1.729660201782922402e-01
5.996150000000000000e+04,4.355769900535358952e-01
5.996450000000000000e+04,1.202443721095043938e-01
5.996750000000000000e+04,1.832265541261666186e-01
5.997050000000000000e+04,4.079348353107928316e-01
5.997350000000000000e+04,3.440918327326896731e-01
5.997650000000000000e+04,2.053306392780015754e-01
5.997950000000000000e+04,3.349783153524788643e-02
5.998250000000000000e+04,4.757001444212623498e-01
5.998550000000000000e+04,5.332753911655518930e-01
5.998850000000000000e+04,3.699307644129126715e-01
5.999150000000000000e+04,5.266494908333734237e-01
5.999450000000000000e+04,4.051721564591370117e-01
5.999750000000000000e+04,6.509359885774829158e-01
6.000050000000000000e+04,1.478281133922856594e-01
6.000350000000000000e+04,1.957739392826897684e-01
6.000650000000000000e+04,1.961388700901152971e-01
6.000950000000000000e+04,1.445936120683810056e-01
6.001250000000000000e+04,2.115910272351451404e-01
6.001550000000000000e+04,9.979007994391793368e-02
6.001850000000000000e+04,2.066174966399111634e-01
6.002150000000000000e+04,1.924884575432324607e-01
6.002450000000000000e+04,2.070206369595169460e-01
6.002750000000000000e+04,1.406555603707690671e-01
6.003050000000000000e+04,1.074376031900119710e-01
6.003350000000000000e+04,6.661588968870944816e-02
6.003650000000000000e+04,5.560996635093516660e-02
6.003950000000000000e+04,1.604154678076469553e-01
6.004250000000000000e+04,8.708359899935656789e-02
6.004550000000000000e+04,2.135105918892404586e-01
6.004850000000000000e+04,2.719836085223836797e-01
6.005150000000000000e+04,2.484760008018893351e-01
6.005450000000000000e+04,3.128004771938133199e-01
6.005750000000000000e+04,2.635567550361516131e-01
6.006050000000000000e+04,2.954855434820360394e-01
6.006350000000000000e+04,6.187583106148796253e-01
6.006650000000000000e+04,6.283935340358466348e-01
6.006950000000000000e+04,5.246662213921250428e-01
6.007250000000000000e+04,3.540690608569593834e-01
6.007550000000000000e+04,2.837910756436535786e-01
6.007850000000000000e+04,4.072204423626377690e-01
6.008150000000000000e+04,1.581618562405579242e-01
6.008450000000000000e+04,1.635764641406669828e-01
6.008750000000000000e+04,1.579070616191989018e-01
6.009050000000000000e+04,1.035558625644384945e-01
6.009350000000000000e+04,1.372879504403743400e-01
6.009650000000000000e+04,1.649247978451388041e-01
6.009950000000000000e+04,2.367741786709192386e-01
6.010250000000000000e+04,5.182159247955400172e-01
6.010550000000000000e+04,6.457676348279337564e-01
6.010850000000000000e+04,4.724325055967936726e-01
6.011150000000000000e+04,3.761303373230578950e-01
6.011450000000000000e+04,6.323483988264710920e-01
6.011750000000000000e+04,4.153336886841320630e-01
6.012050000000000000e+04,3.242718625033456092e-01
6.012350000000000000e+04,3.044733117994926075e-01
6.012650000000000000e+04,2.709743907675496999e-01
6.012950000000000000e+04,1.535230763496429340e-01
6.013250000000000000e+04,8.144689958080996162e-01
6.013550000000000000e+04,5.761446363175736218e-01
6.013850000000000000e+04,2.786822252900860719e-01
6.014150000000000000e+04,2.218291119827364155e-01
6.014450000000000000e+04,1.705545023716818487e-01
6.014750000000000000e+04,3.004377793007961261e-01
6.015050000000000000e+04,4.867680033833283182e-01
6.015350000000000000e+04,2.095931674130412092e-01
6.015650000000000000e+04,1.254878741977317747e-01
6.015950000000000000e+04,1.007139463097806997e-01
6.016250000000000000e+04,1.986144842316910630e-01
6.016550000000000000e+04,1.180867278961004740e-01
6.016850000000000000e+04,8.314033881198523712e-02
6.017150000000000000e+04,3.509230833306616337e-01
6.017450000000000000e+04,3.278324072691276014e-01
6.017750000000000000e+04,3.108381992345305989e-01
6.018050000000000000e+04,2.088185346484912885e-01
6.018350000000000000e+04,3.405506984494128253e-01
6.018650000000000000e+04,7.860690865554048612e-02
6.018950000000000000e+04,4.993517367992666989e-02
6.019250000000000000e+04,4.118926459606551266e-02
6.019550000000000000e+04,1.445836008560006936e-01
6.019850000000000000e+04,9.286764434484852393e-02
6.020150000000000000e+04,7.939871277327947841e-02
6.020450000000000000e+04,2.629311457246829575e-01
6.020750000000000000e+04,1.310565995331527678e-01
6.021050000000000000e+04,2.600336845451809431e-01
6.021350000000000000e+04,9.130750310583750362e-02
6.021650000000000000e+04,3.728384596464674461e-01
6.021950000000000000e+04,3.070313351485803866e-01
6.022250000000000000e+04,1.889654289883365978e-01
6.022550000000000000e+04,3.510985979242486343e-01
6.022850000000000000e+04,4.809443759755384074e-01
6.023150000000000000e+04,3.569877659290887628e-01
6.023450000000000000e+04,1.741023369158130885e-01
6.023750000000000000e+04,1.158904075377507198e-01
6.024050000000000000e+04,3.080085810302184424e-01
6.024350000000000000e+04,4.501696081743835620e-01
6.024650000000000000e+04,7.548400572431120115e-02
6.024950000000000000e+04,4.047989871194869749e-01
6.025250000000000000e+04,5.577452320364857385e-01
6.025550000000000000e+04,6.427417028633678475e-01
6.025850000000000000e+04,4.758477382745727180e-01
6.027050000000000000e+04,6.780969649564564383e-01
6.027350000000000000e+04,5.142392174342040878e-01
6.027650000000000000e+04,3.897199616987080395e-01
6.027950000000000000e+04,6.027332169509646009e-01
6.028250000000000000e+04,7.014786654654742160e-01
6.028550000000000000e+04,7.666147596791658136e-01
6.028850000000000000e+04,9.585029036380120493e-01
6.029150000000000000e+04,6.775099066005920712e-01
6.029450000000000000e+04,8.536290548122353883e-01
6.029750000000000000e+04,5.150134460167301587e-01
6.030050000000000000e+04,4.325786315933132786e-01
6.030350000000000000e+04,4.223639531308083783e-01
6.030650000000000000e+04,7.788269047923204180e-01
6.030950000000000000e+04,4.919941899911654537e-01
6.031250000000000000e+04,6.001579703280687239e-01
6.031550000000000000e+04,7.560885702236722627e-01
6.031850000000000000e+04,6.244540182252845684e-01
6.032150000000000000e+04,7.995198726731065353e-01
6.032450000000000000e+04,7.662741850716308090e-01
6.032750000000000000e+04,9.537934254511871712e-01
6.033050000000000000e+04,7.991083380084829102e-01
6.033350000000000000e+04,8.323836918719196287e-01
6.033650000000000000e+04,6.090263054192730507e-01
6.034250000000000000e+04,4.084621648604289113e-01
6.034550000000000000e+04,3.981475920482119291e-01
6.034850000000000000e+04,6.056100847519666486e-01
6.035150000000000000e+04,5.479127588844528995e-01
6.035450000000000000e+04,8.089320938460131671e-01
6.035750000000000000e+04,9.257394236982321445e-01
6.036050000000000000e+04,1.126657899655740813e+00
6.036350000000000000e+04,9.892787461378128588e-01
6.036650000000000000e+04,6.231282426614163095e-01
6.036950000000000000e+04,7.304297602307081583e-01
6.037250000000000000e+04,4.790915092532774811e-01
6.037550000000000000e+04,4.839684145026472706e-01
6.037850000000000000e+04,6.009631306814936513e-01
6.038150000000000000e+04,5.375472302481051345e-01
6.038450000000000000e+04,4.686666637945813840e-01
6.038750000000000000e+04,4.336871619926178645e-01
6.039050000000000000e+04,2.627187311390262181e-01
6.039350000000000000e+04,3.715725563432039635e-01
6.039650000000000000e+04,6.145642762435714612e-01
6.039950000000000000e+04,2.580442609931172804e-01
6.040250000000000000e+04,2.851293911013557114e-01
6.040550000000000000e+04,2.810882449989196563e-01
6.040850000000000000e+04,1.884035077768734245e-01
6.041150000000000000e+04,9.997536983542384958e-02
6.041450000000000000e+04,1.611640544699949051e-01
6.041750000000000000e+04,2.792508945031640377e-01
6.042050000000000000e+04,2.691967633337503107e-01
6.042350000000000000e+04,1.702639897298493799e-01
6.042650000000000000e+04,1.711658460602116238e-01
6.042950000000000000e+04,2.124587973277847486e-01
6.043250000000000000e+04,2.407683954095086176e-01
6.043850000000000000e+04,1.721249358021403608e-01
6.044150000000000000e+04,2.456939232523846495e-01
6.044450000000000000e+04,4.735117813298806572e-02
6.044750000000000000e+04,1.336115301327003291e-01
6.045050000000000000e+04,9.056566011202214772e-02
6.045350000000000000e+04,5.836333778685610235e-02
6.045650000000000000e+04,1.163719598633557173e-01
6.045950000000000000e+04,1.011155500433424254e-01
6.046250000000000000e+04,2.014857706901179435e-01
6.046550000000000000e+04,2.931481744885217622e-01
6.046850000000000000e+04,3.634690832081645673e-01
6.047150000000000000e+04,2.422002873366314868e-01
6.047450000000000000e+04,2.413899425812573440e-01
6.047750000000000000e+04,1.248151221465064187e-01
6.048050000000000000e+04,1.672142486090557600e-01
6.048350000000000000e+04,1.657136167117656267e-01
6.048650000000000000e+04,1.229792248701571944e-01
6.048950000000000000e+04,1.171922758868737674e-01
6.049250000000000000e+04,9.088187857923960000e-02
6.049550000000000000e+04,2.224727017638077897e-01
6.049850000000000000e+04,5.652943141565570928e-02
6.050150000000000000e+04,7.555616803564599304e-02
6.050450000000000000e+04,5.905144309818464998e-02
6.050750000000000000e+04,1.083335999977253356e-01
6.051050000000000000e+04,2.711641527594816359e-01
6.051650000000000000e+04,1.360338571653589013e-01
6.051950000000000000e+04,2.460917783583813634e-01
6.052250000000000000e+04,1.529848803670122714e-01
6.052550000000000000e+04,2.671566870623363066e-01
6.052850000000000000e+04,3.754468538300236857e-01
6.053150000000000000e+04,1.750678573010838734e-01
6.053450000000000000e+04,7.893391409258700142e-02
6.053750000000000000e+04,7.880060341310439476e-02
6.054050000000000000e+04,1.104642181292823655e-01
6.054350000000000000e+04,1.489931024723532560e-01
6.054650000000000000e+04,1.190754228952372595e-01
6.054950000000000000e+04,7.637488382669879727e-02
6.055250000000000000e+04,7.355973683794664320e-02
6.055550000000000000e+04,1.956176116176837065e-01
6.055850000000000000e+04,2.529200764153241576e-01
6.056450000000000000e+04,7.141678636171117089e-02
6.056750000000000000e+04,1.629818239857296069e-01
6.057050000000000000e+04,2.534488743471250971e-01
6.057350000000000000e+04,2.583081187923353950e-01
6.057650000000000000e+04,1.520061631226286847e-01
6.057950000000000000e+04,1.844662325338713715e-01
6.058250000000000000e+04,1.481678672066075453e-01
6.058550000000000000e+04,9.206499967060489953e-02
6.058850000000000000e+04,1.642448499392042405e-01
6.059450000000000000e+04,1.971426288751380040e-01
6.059750000000000000e+04,2.546684885173100543e-01
6.060050000000000000e+04,1.307555271554823040e-01
6.060350000000000000e+04,5.651032052545257311e-02
6.060650000000000000e+04,1.101147268987739541e-01
6.060950000000000000e+04,1.108170123936546986e-01
6.061250000000000000e+04,1.108170123936546986e-01
